
%liczba neuronów ukrytych: 10, liczba wejœæ sieci: 4
%wejœcie 1: u(k-3)
%wejœcie 2: u(k-4)
%wejœcie 3: y(k-1)
%wejœcie 4: y(k-2)
%uczenie w trybie OE
w10(1,1)=-3.3459926160e-001; w1(1,1)=6.0302399616e-001; w1(1,2)=1.4178682366e+000; w1(1,3)=-7.5660773069e-001; w1(1,4)=-1.2320122000e-001; 
w10(2,1)=5.9540037438e-001; w1(2,1)=1.1103794899e-001; w1(2,2)=9.5951463080e-002; w1(2,3)=-8.6801486169e-001; w1(2,4)=5.1105664899e-001; 
w10(3,1)=1.0143793353e+000; w1(3,1)=-2.6300431343e-003; w1(3,2)=6.7491613301e-002; w1(3,3)=2.0049480454e-001; w1(3,4)=2.2188246802e-001; 
w10(4,1)=7.9917361027e-001; w1(4,1)=1.0720613016e-001; w1(4,2)=-2.3478140879e-001; w1(4,3)=-1.9942276733e-001; w1(4,4)=-3.9035495937e-001; 
w10(5,1)=2.2973823000e-001; w1(5,1)=2.8549061379e-001; w1(5,2)=-2.7543559955e-001; w1(5,3)=5.8126277356e-001; w1(5,4)=-3.0707946905e-001; 
w10(6,1)=2.3131352426e-001; w1(6,1)=9.5719310500e-001; w1(6,2)=1.4967656910e+000; w1(6,3)=-5.0726282588e-001; w1(6,4)=5.5818781394e-001; 
w10(7,1)=8.1854918668e-001; w1(7,1)=-4.4802200145e-001; w1(7,2)=1.8632356441e+000; w1(7,3)=1.3794104454e-002; w1(7,4)=3.7785812063e-001; 
w10(8,1)=-1.4591014859e-001; w1(8,1)=-1.0122041855e+000; w1(8,2)=1.2727662362e+000; w1(8,3)=-7.3909510923e-001; w1(8,4)=1.1357498019e+000; 
w10(9,1)=2.1034893129e-001; w1(9,1)=-9.5442832486e-002; w1(9,2)=1.0938086810e-001; w1(9,3)=5.6547319510e-001; w1(9,4)=-2.5648869604e-001; 
w10(10,1)=5.4605682609e-001; w1(10,1)=1.1420634604e+000; w1(10,2)=4.4206623248e-001; w1(10,3)=6.0233951279e-001; w1(10,4)=-7.3079297333e-001; 
w20=-3.5036742516e-001; w2(1)=1.4001468009e-002; w2(2)=-6.5702472133e-001; w2(3)=9.0480286743e-001; w2(4)=-5.4387848535e-001; w2(5)=6.9835146993e-001; w2(6)=3.4695306330e-002; w2(7)=5.1904722008e-002; w2(8)=-1.5543259545e-002; w2(9)=9.0346490582e-001; w2(10)=-3.6322106942e-002; 

