
%liczba neuronów ukrytych: 8, liczba wejœæ sieci: 4
%wejœcie 1: u(k-3)
%wejœcie 2: u(k-4)
%wejœcie 3: y(k-1)
%wejœcie 4: y(k-2)
%uczenie w trybie OE
w10(1,1)=-8.2001051715e-001; w1(1,1)=2.2355678759e-001; w1(1,2)=-1.2099047255e-001; w1(1,3)=-6.4635737077e-001; w1(1,4)=-2.3120149362e-002; 
w10(2,1)=-2.3284831347e-001; w1(2,1)=1.8375065513e-001; w1(2,2)=-1.4410327854e-001; w1(2,3)=9.8713324693e-001; w1(2,4)=-6.2586125264e-001; 
w10(3,1)=-6.6704867606e-001; w1(3,1)=-3.9387873815e-001; w1(3,2)=3.4267721034e-001; w1(3,3)=1.0820479523e-001; w1(3,4)=6.9030593770e-001; 
w10(4,1)=-3.5155508121e-001; w1(4,1)=-1.3819834753e+000; w1(4,2)=-4.3503331923e-001; w1(4,3)=-4.5225361862e-001; w1(4,4)=3.6606024271e-001; 
w10(5,1)=6.6046855141e-001; w1(5,1)=9.4670131223e-001; w1(5,2)=6.9515909682e-001; w1(5,3)=5.8410778846e-002; w1(5,4)=-5.7425281981e-001; 
w10(6,1)=8.8226384919e-001; w1(6,1)=1.3154454382e+000; w1(6,2)=1.4959117030e-001; w1(6,3)=-5.6911994179e-002; w1(6,4)=-1.4778458642e+000; 
w10(7,1)=-1.0621401133e+000; w1(7,1)=-2.8222571050e-001; w1(7,2)=-4.1025195122e-001; w1(7,3)=2.0299787077e-001; w1(7,4)=-4.4509983098e-001; 
w10(8,1)=-1.1413129365e+000; w1(8,1)=-6.5990635896e-001; w1(8,2)=-4.5225727504e-001; w1(8,3)=2.8477017330e-001; w1(8,4)=3.8861580824e-001; 
w20=-1.1148664248e-001; w2(1)=-7.6021042237e-001; w2(2)=1.0611392981e+000; w2(3)=4.7965897556e-001; w2(4)=-7.3318814115e-002; w2(5)=-4.5608765452e-002; w2(6)=2.6243050829e-002; w2(7)=-2.6691305870e-001; w2(8)=1.3038507353e-001; 

