
%liczba neuronów ukrytych: 8, liczba wejœæ sieci: 4
%wejœcie 1: u(k-3)
%wejœcie 2: u(k-4)
%wejœcie 3: y(k-1)
%wejœcie 4: y(k-2)
%uczenie w trybie OE
w10(1,1)=-3.9310605728e-001; w1(1,1)=2.6172785985e-001; w1(1,2)=2.0585527172e-001; w1(1,3)=-9.6356296666e-001; w1(1,4)=1.7114830981e-001; 
w10(2,1)=-9.0773548540e-002; w1(2,1)=3.6766201201e-001; w1(2,2)=-1.6665667305e-001; w1(2,3)=-2.8235742680e-001; w1(2,4)=5.5974239126e-001; 
w10(3,1)=-5.4906612176e-002; w1(3,1)=-8.1360770188e-002; w1(3,2)=8.4689046718e-002; w1(3,3)=-5.5452523042e-001; w1(3,4)=1.9491266926e-001; 
w10(4,1)=2.8948367263e-001; w1(4,1)=3.0804850526e-001; w1(4,2)=-3.1937757244e-001; w1(4,3)=-7.2617952982e-001; w1(4,4)=1.0160542407e+000; 
w10(5,1)=1.0222687355e-002; w1(5,1)=8.9994338436e-001; w1(5,2)=-3.9680028772e-001; w1(5,3)=-1.5597425948e+000; w1(5,4)=1.6787859861e+000; 
w10(6,1)=-3.7078255779e-001; w1(6,1)=-2.4067860266e-001; w1(6,2)=5.0886226191e-001; w1(6,3)=1.9400875578e-001; w1(6,4)=-1.2126506404e+000; 
w10(7,1)=9.6506898035e-002; w1(7,1)=-2.4436959759e-001; w1(7,2)=1.3398678721e-001; w1(7,3)=1.2309260066e-001; w1(7,4)=-4.6441577765e-001; 
w10(8,1)=1.0545609685e-001; w1(8,1)=-2.7207628412e-001; w1(8,2)=2.2134424872e-001; w1(8,3)=1.2763629061e+000; w1(8,4)=-8.8569297241e-001; 
w20=-1.4255353423e-001; w2(1)=-1.9423565384e-001; w2(2)=1.0696661804e+000; w2(3)=-3.6665805176e-001; w2(4)=5.5427791964e-001; w2(5)=-4.3999903283e-001; w2(6)=1.9144072761e-001; w2(7)=-3.6601116060e-001; w2(8)=9.3376955377e-001; 

