
%liczba neuronów ukrytych: 9, liczba wejœæ sieci: 4
%wejœcie 1: u(k-3)
%wejœcie 2: u(k-4)
%wejœcie 3: y(k-1)
%wejœcie 4: y(k-2)
%uczenie w trybie OE
w10(1,1)=-1.0844566102e-001; w1(1,1)=3.9170563397e-001; w1(1,2)=-2.9735119249e-001; w1(1,3)=-1.1121492393e+000; w1(1,4)=7.9454458671e-001; 
w10(2,1)=-4.9835941861e-001; w1(2,1)=3.0577141669e-001; w1(2,2)=-2.5326414858e-001; w1(2,3)=3.7774720664e-001; w1(2,4)=2.4901869306e-001; 
w10(3,1)=4.8648852980e-001; w1(3,1)=1.1929010696e-001; w1(3,2)=1.7263404463e+000; w1(3,3)=4.7165602892e-001; w1(3,4)=-8.4767425854e-001; 
w10(4,1)=7.3660324237e-002; w1(4,1)=8.2360216726e-001; w1(4,2)=-3.8398203242e-001; w1(4,3)=-3.0821175492e-001; w1(4,4)=5.5427329481e-001; 
w10(5,1)=2.5580315477e-002; w1(5,1)=-4.2441880007e-001; w1(5,2)=1.1297553991e-001; w1(5,3)=-2.7268162238e-001; w1(5,4)=-7.7565291501e-001; 
w10(6,1)=-3.6380437797e-001; w1(6,1)=-2.8393901854e-001; w1(6,2)=8.6423381830e-002; w1(6,3)=-3.3065686749e-001; w1(6,4)=-1.3547869486e-001; 
w10(7,1)=9.4642364845e-002; w1(7,1)=3.8319636634e-001; w1(7,2)=1.3806474322e+000; w1(7,3)=2.9408510311e-001; w1(7,4)=-2.2570381384e-001; 
w10(8,1)=2.6174643799e-001; w1(8,1)=-8.2112693024e-001; w1(8,2)=1.9516736161e-001; w1(8,3)=6.5392294041e-002; w1(8,4)=-5.4075760531e-001; 
w10(9,1)=9.4350182839e-001; w1(9,1)=3.0534214207e-001; w1(9,2)=-3.9677618088e-001; w1(9,3)=2.5705895879e-002; w1(9,4)=5.2199833046e-001; 
w20=-2.6773956213e-001; w2(1)=-8.7325211203e-001; w2(2)=8.2637788211e-001; w2(3)=4.7291912900e-002; w2(4)=-2.1167435638e-001; w2(5)=9.0418204672e-002; w2(6)=-5.6364823411e-001; w2(7)=-8.6998280373e-002; w2(8)=-1.6107097844e-001; w2(9)=5.4154794638e-001; 

