
%liczba neuronów ukrytych: 8, liczba wejœæ sieci: 4
%wejœcie 1: u(k-3)
%wejœcie 2: u(k-4)
%wejœcie 3: y(k-1)
%wejœcie 4: y(k-2)
%uczenie w trybie OE
w10(1,1)=-4.8156588489e-002; w1(1,1)=3.1015744822e-001; w1(1,2)=1.0807605493e+000; w1(1,3)=-3.1992934146e-002; w1(1,4)=-8.2284263681e-002; 
w10(2,1)=-1.8665836294e-001; w1(2,1)=-5.1498359177e-002; w1(2,2)=5.1273357715e-001; w1(2,3)=-7.8289255230e-001; w1(2,4)=5.1419843842e-001; 
w10(3,1)=1.1923572553e-002; w1(3,1)=-2.0732909597e-002; w1(3,2)=8.2209052177e-001; w1(3,3)=6.6275775208e-001; w1(3,4)=-8.7570477748e-001; 
w10(4,1)=-9.7071461404e-001; w1(4,1)=1.9900137790e-001; w1(4,2)=3.8219852400e-002; w1(4,3)=4.0556886844e-001; w1(4,4)=3.6984319852e-001; 
w10(5,1)=-4.9034683421e-001; w1(5,1)=2.0403979258e-001; w1(5,2)=-3.7968593199e-001; w1(5,3)=-7.6548359466e-001; w1(5,4)=2.6583957696e-001; 
w10(6,1)=-4.5745874185e-001; w1(6,1)=-6.0949018433e-002; w1(6,2)=-4.1411756520e-001; w1(6,3)=1.7037292876e-002; w1(6,4)=8.8937585126e-002; 
w10(7,1)=7.7783009580e-001; w1(7,1)=1.2403819486e+000; w1(7,2)=-1.4188313925e+000; w1(7,3)=-1.3086581692e-001; w1(7,4)=1.5816495083e+000; 
w10(8,1)=4.6852091038e-001; w1(8,1)=1.6523450912e-001; w1(8,2)=-1.3595668630e-001; w1(8,3)=-1.6695627617e-001; w1(8,4)=6.4804219367e-001; 
w20=-1.3238253974e-001; w2(1)=-1.2262616926e-001; w2(2)=-7.4267799529e-001; w2(3)=4.4356521155e-001; w2(4)=6.9284347353e-001; w2(5)=-8.3855614781e-001; w2(6)=3.5788550562e-001; w2(7)=-1.0643755060e-002; w2(8)=6.4550256340e-001; 

