
%liczba neuronów ukrytych: 10, liczba wejœæ sieci: 4
%wejœcie 1: u(k-3)
%wejœcie 2: u(k-4)
%wejœcie 3: y(k-1)
%wejœcie 4: y(k-2)
%uczenie w trybie ARX
w10(1,1)=-3.2836248672e-001; w1(1,1)=-5.6542564258e-001; w1(1,2)=-4.2003661881e-001; w1(1,3)=-5.0111746576e-001; w1(1,4)=4.3393163577e-001; 
w10(2,1)=6.8824595841e-002; w1(2,1)=2.1465096479e-001; w1(2,2)=3.6647966984e-002; w1(2,3)=4.1601475683e-002; w1(2,4)=7.1047764356e-001; 
w10(3,1)=5.5850778386e-002; w1(3,1)=2.3598136740e-001; w1(3,2)=1.2208029135e-001; w1(3,3)=6.0093777328e-001; w1(3,4)=4.8982314040e-001; 
w10(4,1)=-4.2376888767e-001; w1(4,1)=-1.0165759600e-001; w1(4,2)=-9.7501468406e-002; w1(4,3)=-4.6555492476e-001; w1(4,4)=8.3555813728e-002; 
w10(5,1)=-1.2568490711e-001; w1(5,1)=-1.2383585998e-003; w1(5,2)=4.0195856738e-002; w1(5,3)=-1.6627744943e-001; w1(5,4)=-7.8949687801e-002; 
w10(6,1)=2.7980109340e-001; w1(6,1)=-4.6991094050e-002; w1(6,2)=-4.0611050543e-002; w1(6,3)=-4.0097968542e-001; w1(6,4)=-8.3288668362e-002; 
w10(7,1)=1.3031455076e-001; w1(7,1)=6.4474561694e-003; w1(7,2)=-3.5798241955e-002; w1(7,3)=1.5976430712e-001; w1(7,4)=1.0134690196e-001; 
w10(8,1)=-4.1237240097e-001; w1(8,1)=-5.2459394421e-001; w1(8,2)=-4.2005910441e-001; w1(8,3)=2.6437586984e-001; w1(8,4)=-2.7145770205e-001; 
w10(9,1)=-3.8065151119e-001; w1(9,1)=-2.6835716275e-002; w1(9,2)=3.1954224746e-003; w1(9,3)=4.0986373768e-001; w1(9,4)=-8.7651800919e-002; 
w10(10,1)=-7.0525810015e-002; w1(10,1)=3.7709949214e-003; w1(10,2)=-2.7357154060e-002; w1(10,3)=2.8281706530e-001; w1(10,4)=-3.6656603757e-002; 
w20=-1.4215056594e-002; w2(1)=-4.5499366272e-001; w2(2)=-5.1823212281e-001; w2(3)=1.3050081592e-001; w2(4)=-9.3500200381e-001; w2(5)=-6.7571179190e-001; w2(6)=-4.0350734981e-001; w2(7)=5.5929532595e-001; w2(8)=4.7302575124e-001; w2(9)=7.8326009189e-001; w2(10)=7.5389707872e-001; 

