
%liczba neuronów ukrytych: 7, liczba wejœæ sieci: 4
%wejœcie 1: u(k-3)
%wejœcie 2: u(k-4)
%wejœcie 3: y(k-1)
%wejœcie 4: y(k-2)
%uczenie w trybie OE
w10(1,1)=-4.3996935117e-001; w1(1,1)=-1.2569858994e+000; w1(1,2)=4.2060333907e-001; w1(1,3)=-6.1320746738e-001; w1(1,4)=1.0893677703e+000; 
w10(2,1)=-4.4502243749e-001; w1(2,1)=-1.4327885975e+000; w1(2,2)=-9.5423133105e-001; w1(2,3)=5.4351935709e-001; w1(2,4)=-4.8777497985e-001; 
w10(3,1)=3.1213184151e-001; w1(3,1)=-1.5953773290e+000; w1(3,2)=-2.2071637573e-001; w1(3,3)=8.9558139130e-002; w1(3,4)=1.9302560379e-001; 
w10(4,1)=-8.1668247646e-001; w1(4,1)=1.3813240180e+000; w1(4,2)=-2.2890471801e+000; w1(4,3)=-1.4450877188e-001; w1(4,4)=-1.9868538999e+000; 
w10(5,1)=7.0344794820e-001; w1(5,1)=-2.0777983017e-002; w1(5,2)=2.5711702281e-002; w1(5,3)=-1.6382195936e+000; w1(5,4)=6.2262196348e-001; 
w10(6,1)=6.3747737741e-001; w1(6,1)=5.9617965922e-003; w1(6,2)=2.0887608148e-002; w1(6,3)=6.9502017407e-001; w1(6,4)=-1.9559070059e-001; 
w10(7,1)=6.3838794469e-001; w1(7,1)=-4.8335296804e-001; w1(7,2)=-8.8821245631e-001; w1(7,3)=4.3385631109e-001; w1(7,4)=-1.2355389480e+000; 
w20=-6.4765384551e-001; w2(1)=5.4020607431e-002; w2(2)=-2.9470583073e-002; w2(3)=-3.4342474516e-002; w2(4)=-8.5438739314e-003; w2(5)=-5.4927895812e-001; w2(6)=1.7384621419e+000; w2(7)=2.9132118340e-002; 

