
%liczba neuronów ukrytych: 10, liczba wejœæ sieci: 4
%wejœcie 1: u(k-3)
%wejœcie 2: u(k-4)
%wejœcie 3: y(k-1)
%wejœcie 4: y(k-2)
%uczenie w trybie OE
w10(1,1)=-2.3315788488e-001; w1(1,1)=4.5310878515e-001; w1(1,2)=-1.3690109137e+000; w1(1,3)=-5.0115216441e-001; w1(1,4)=1.0298815718e+000; 
w10(2,1)=7.8549145738e-001; w1(2,1)=2.4174204789e-001; w1(2,2)=-5.7064371780e-001; w1(2,3)=-2.3046216165e-001; w1(2,4)=4.0723289470e-001; 
w10(3,1)=8.3957861578e-001; w1(3,1)=-1.5259062748e-002; w1(3,2)=3.3514633948e-001; w1(3,3)=5.3504242037e-001; w1(3,4)=-1.1627146682e-001; 
w10(4,1)=1.3433375013e-001; w1(4,1)=-2.5398357854e-001; w1(4,2)=2.9627640107e-001; w1(4,3)=3.1402055573e-001; w1(4,4)=-1.8343668461e-001; 
w10(5,1)=4.0325560404e-001; w1(5,1)=2.9818100012e-002; w1(5,2)=1.7697708638e-001; w1(5,3)=-5.0189760048e-001; w1(5,4)=1.6012587928e-001; 
w10(6,1)=-6.0579194423e-001; w1(6,1)=4.3339007497e-001; w1(6,2)=-7.6121424108e-003; w1(6,3)=3.3532723804e-001; w1(6,4)=5.5084117405e-002; 
w10(7,1)=-1.2086089157e-001; w1(7,1)=5.9559362371e-001; w1(7,2)=-1.1347980245e-001; w1(7,3)=-5.7829973044e-001; w1(7,4)=4.5863181593e-001; 
w10(8,1)=-1.3633555156e-001; w1(8,1)=9.8120326283e-001; w1(8,2)=1.8338555148e+000; w1(8,3)=4.1088231814e-001; w1(8,4)=-2.6668181073e-001; 
w10(9,1)=5.5390748837e-001; w1(9,1)=8.3779407905e-001; w1(9,2)=-4.3564345316e-001; w1(9,3)=-4.9815252331e-001; w1(9,4)=2.2967643576e-001; 
w10(10,1)=3.0178310382e-001; w1(10,1)=1.9887007210e-001; w1(10,2)=-3.7610434047e-001; w1(10,3)=8.9088346912e-002; w1(10,4)=1.0169939471e-001; 
w20=-2.8758901188e-001; w2(1)=-1.1677010127e-001; w2(2)=4.2755813645e-001; w2(3)=9.7657686774e-001; w2(4)=2.6669643084e-001; w2(5)=-1.0646993789e+000; w2(6)=1.0288767361e+000; w2(7)=-6.5209997524e-001; w2(8)=-1.7970124131e-002; w2(9)=8.6614146282e-002; w2(10)=3.9303026791e-001; 

