
%liczba neuronów ukrytych: 9, liczba wejœæ sieci: 4
%wejœcie 1: u(k-3)
%wejœcie 2: u(k-4)
%wejœcie 3: y(k-1)
%wejœcie 4: y(k-2)
%uczenie w trybie OE
w10(1,1)=3.6705839241e-002; w1(1,1)=6.3215716967e-001; w1(1,2)=-5.0844508469e-001; w1(1,3)=1.0862962759e+000; w1(1,4)=-8.1059222357e-001; 
w10(2,1)=-4.2740683008e-001; w1(2,1)=-2.6316791912e-001; w1(2,2)=2.1235023228e-001; w1(2,3)=-1.0392396941e+000; w1(2,4)=5.0956821681e-001; 
w10(3,1)=-3.4119949491e-001; w1(3,1)=7.1106129099e-001; w1(3,2)=-7.7199185826e-002; w1(3,3)=-2.1992290546e-001; w1(3,4)=-7.3791120794e-001; 
w10(4,1)=-8.1480592029e-002; w1(4,1)=1.9275790091e-003; w1(4,2)=-8.9547981563e-001; w1(4,3)=7.9950755671e-001; w1(4,4)=-7.3222727913e-001; 
w10(5,1)=3.2539339061e-001; w1(5,1)=5.5825408570e-001; w1(5,2)=4.5365581361e-001; w1(5,3)=-1.7316992645e-001; w1(5,4)=-5.6407950450e-001; 
w10(6,1)=-1.2830844776e-001; w1(6,1)=1.7965620079e-002; w1(6,2)=-1.1719929802e+000; w1(6,3)=-5.6220181356e-001; w1(6,4)=5.9994205302e-001; 
w10(7,1)=7.2769624932e-001; w1(7,1)=4.0376975207e-001; w1(7,2)=-3.7366379398e-001; w1(7,3)=-2.7463383992e-001; w1(7,4)=-3.9900742129e-001; 
w10(8,1)=-1.1275165543e+000; w1(8,1)=5.2155290725e-001; w1(8,2)=-5.8749587689e-001; w1(8,3)=3.3513299409e-001; w1(8,4)=-8.6495450275e-001; 
w10(9,1)=-1.0537162114e-001; w1(9,1)=-7.3097443507e-003; w1(9,2)=-1.0096806989e+000; w1(9,3)=1.3998573498e+000; w1(9,4)=-3.9276596242e-001; 
w20=-3.4654491965e-001; w2(1)=5.4156073849e-001; w2(2)=-6.8262074832e-001; w2(3)=-7.7055949160e-002; w2(4)=2.7540795016e-001; w2(5)=-1.1758941726e-001; w2(6)=-2.3211602570e-001; w2(7)=-8.0869406194e-001; w2(8)=-6.7609602800e-001; w2(9)=-1.0322461392e-001; 

