
%liczba neuronów ukrytych: 10, liczba wejœæ sieci: 4
%wejœcie 1: u(k-3)
%wejœcie 2: u(k-4)
%wejœcie 3: y(k-1)
%wejœcie 4: y(k-2)
%uczenie w trybie OE
w10(1,1)=-8.4725268706e-001; w1(1,1)=-7.4111763892e-002; w1(1,2)=2.6477725337e-001; w1(1,3)=1.3408280777e-001; w1(1,4)=5.5026141562e-001; 
w10(2,1)=2.1962168486e-001; w1(2,1)=-7.3916097823e-001; w1(2,2)=-2.1404762299e+000; w1(2,3)=-6.9690150039e-001; w1(2,4)=6.2276893951e-001; 
w10(3,1)=6.1365662666e-001; w1(3,1)=5.9250620970e-001; w1(3,2)=-1.7116060303e+000; w1(3,3)=3.1941283487e-001; w1(3,4)=2.9066834325e-001; 
w10(4,1)=-2.8587145070e-003; w1(4,1)=4.1159944376e-002; w1(4,2)=4.0327731419e-001; w1(4,3)=-1.4582309161e-001; w1(4,4)=-6.1463321782e-001; 
w10(5,1)=9.2959272363e-001; w1(5,1)=6.9448583531e-002; w1(5,2)=7.9144147851e-002; w1(5,3)=7.6417312075e-001; w1(5,4)=2.4328278143e-002; 
w10(6,1)=-4.8285571879e-001; w1(6,1)=1.0085532109e-001; w1(6,2)=-1.4517277197e-001; w1(6,3)=8.5635037640e-001; w1(6,4)=-3.4865515016e-001; 
w10(7,1)=5.5587947398e-001; w1(7,1)=1.2472600701e+000; w1(7,2)=3.0209816475e-001; w1(7,3)=-4.2123770334e-001; w1(7,4)=1.0956670089e+000; 
w10(8,1)=-1.4380138632e+000; w1(8,1)=7.2717782457e-002; w1(8,2)=1.1007493062e-002; w1(8,3)=-1.0481401110e+000; w1(8,4)=1.3207579633e-001; 
w10(9,1)=1.2987825293e-002; w1(9,1)=1.4129021412e-001; w1(9,2)=-1.1776583295e-001; w1(9,3)=-9.4728528808e-001; w1(9,4)=3.0943262485e-001; 
w10(10,1)=-5.5702635876e-001; w1(10,1)=6.2769294099e-001; w1(10,2)=-1.8292301443e-001; w1(10,3)=4.5881476386e-002; w1(10,4)=9.3960769492e-001; 
w20=6.8381390848e-002; w2(1)=3.5703110469e-001; w2(2)=2.5014887878e-002; w2(3)=6.6669294874e-002; w2(4)=7.3342858029e-002; w2(5)=2.7786055053e-001; w2(6)=8.3018853793e-001; w2(7)=-3.0400408407e-002; w2(8)=-3.8790441062e-001; w2(9)=-5.0041946548e-001; w2(10)=3.7688496674e-002; 

