
%liczba neuronów ukrytych: 6, liczba wejœæ sieci: 4
%wejœcie 1: u(k-3)
%wejœcie 2: u(k-4)
%wejœcie 3: y(k-1)
%wejœcie 4: y(k-2)
%uczenie w trybie OE
w10(1,1)=1.0831785973e-001; w1(1,1)=6.3483405847e-001; w1(1,2)=1.5736758199e+000; w1(1,3)=8.9930604440e-002; w1(1,4)=-8.8582233371e-002; 
w10(2,1)=9.1954244738e-001; w1(2,1)=9.9578877255e-003; w1(2,2)=1.1975973029e-001; w1(2,3)=-2.5695039709e-001; w1(2,4)=1.5595881901e-001; 
w10(3,1)=-1.0091931596e+000; w1(3,1)=-8.7701375262e-002; w1(3,2)=8.2982402256e-002; w1(3,3)=-4.9497667767e-001; w1(3,4)=8.5774890502e-002; 
w10(4,1)=8.4277881535e-001; w1(4,1)=2.8011290366e-002; w1(4,2)=-2.0707389487e-002; w1(4,3)=-2.5474121015e-001; w1(4,4)=-2.4289947850e-001; 
w10(5,1)=-3.1252077915e-001; w1(5,1)=5.9552898343e-002; w1(5,2)=-1.4758982782e-001; w1(5,3)=-1.0426826635e+000; w1(5,4)=5.7284144420e-001; 
w10(6,1)=-7.4911368392e-001; w1(6,1)=2.6800322841e-001; w1(6,2)=-6.8078722469e-001; w1(6,3)=1.1407395812e+000; w1(6,4)=-1.7302302857e+000; 
w20=-9.6931867557e-002; w2(1)=3.4135074355e-002; w2(2)=-6.3881361136e-001; w2(3)=-1.6037680435e+000; w2(4)=-1.2674295248e+000; w2(5)=-7.9795025159e-001; w2(6)=6.4916371162e-002; 

