
%liczba neuronów ukrytych: 8, liczba wejœæ sieci: 4
%wejœcie 1: u(k-3)
%wejœcie 2: u(k-4)
%wejœcie 3: y(k-1)
%wejœcie 4: y(k-2)
%uczenie w trybie OE
w10(1,1)=3.2108038641e-001; w1(1,1)=2.8957703376e-001; w1(1,2)=-4.5247170710e-001; w1(1,3)=1.4014631647e-001; w1(1,4)=3.1632492816e-001; 
w10(2,1)=-6.4331777859e-002; w1(2,1)=5.3342166857e-001; w1(2,2)=-2.8580973119e-001; w1(2,3)=-5.2895560439e-001; w1(2,4)=9.7733248238e-001; 
w10(3,1)=3.0479504185e-001; w1(3,1)=6.8569295154e-001; w1(3,2)=-6.9730902779e-001; w1(3,3)=-4.8188149551e-001; w1(3,4)=1.5059560900e+000; 
w10(4,1)=-2.0419818307e-001; w1(4,1)=1.1661645096e-001; w1(4,2)=-1.5050038654e-001; w1(4,3)=-8.8158650804e-001; w1(4,4)=3.5846747292e-001; 
w10(5,1)=1.0387494024e-001; w1(5,1)=3.7573583886e-001; w1(5,2)=-1.2329182240e+000; w1(5,3)=-1.1213935668e+000; w1(5,4)=1.2674789780e+000; 
w10(6,1)=1.1342020556e-002; w1(6,1)=4.3773415512e-001; w1(6,2)=-6.4124353166e-001; w1(6,3)=-2.7594135427e-001; w1(6,4)=8.2063130286e-001; 
w10(7,1)=-9.7769368891e-002; w1(7,1)=-2.0118032068e-001; w1(7,2)=1.3058850905e+000; w1(7,3)=3.7830581214e-001; w1(7,4)=-3.9757509674e-001; 
w10(8,1)=-8.7633544313e-002; w1(8,1)=9.7070895918e-001; w1(8,2)=-5.9170717333e-001; w1(8,3)=-1.2969928310e+000; w1(8,4)=9.9766365184e-001; 
w20=-2.7572369096e-001; w2(1)=8.5662514121e-001; w2(2)=6.1561094860e-001; w2(3)=-2.8016777799e-001; w2(4)=-5.9527487685e-001; w2(5)=-6.5386684195e-001; w2(6)=4.6719746026e-001; w2(7)=-3.8883785532e-001; w2(8)=-4.2008964908e-001; 

