
%liczba neuronów ukrytych: 6, liczba wejœæ sieci: 4
%wejœcie 1: u(k-3)
%wejœcie 2: u(k-4)
%wejœcie 3: y(k-1)
%wejœcie 4: y(k-2)
%uczenie w trybie OE
w10(1,1)=1.4024101217e+000; w1(1,1)=2.0172170494e-001; w1(1,2)=4.0831019845e-003; w1(1,3)=6.4279290685e-001; w1(1,4)=5.2308793436e-001; 
w10(2,1)=-5.4165779663e-001; w1(2,1)=1.2871759020e-001; w1(2,2)=-4.9865009512e-002; w1(2,3)=-2.8260447707e-002; w1(2,4)=6.2035264250e-001; 
w10(3,1)=-3.4601175235e-001; w1(3,1)=1.9931017733e-001; w1(3,2)=-1.9664301448e-001; w1(3,3)=-1.4857651732e+000; w1(3,4)=1.0006100130e+000; 
w10(4,1)=5.9185273998e-003; w1(4,1)=-5.5649099600e-002; w1(4,2)=-4.3205617621e-001; w1(4,3)=5.8012905802e-001; w1(4,4)=-6.6315907888e-001; 
w10(5,1)=1.5768865524e-001; w1(5,1)=-3.3127867205e-001; w1(5,2)=-2.3595078667e+000; w1(5,3)=-9.1391920788e-001; w1(5,4)=1.0521121422e+000; 
w10(6,1)=-3.3543109662e-001; w1(6,1)=1.3621970601e-001; w1(6,2)=-2.8717319749e-002; w1(6,3)=-3.7185211497e-002; w1(6,4)=4.5349333230e-001; 
w20=1.5102323862e-002; w2(1)=2.6057323721e-001; w2(2)=7.0077415279e-001; w2(3)=-8.5244124781e-001; w2(4)=2.8166050787e-001; w2(5)=2.6194184810e-002; w2(6)=5.8447952480e-001; 

