
%liczba neuronów ukrytych: 10, liczba wejœæ sieci: 4
%wejœcie 1: u(k-3)
%wejœcie 2: u(k-4)
%wejœcie 3: y(k-1)
%wejœcie 4: y(k-2)
%uczenie w trybie OE
w10(1,1)=-3.1385451766e-001; w1(1,1)=-3.7061095774e-001; w1(1,2)=-1.2707815016e-001; w1(1,3)=2.7287683409e-001; w1(1,4)=-2.1931411756e-001; 
w10(2,1)=2.7987158494e-001; w1(2,1)=-1.1703784646e-001; w1(2,2)=-1.1666599805e+000; w1(2,3)=1.3145893887e-001; w1(2,4)=1.1486042259e+000; 
w10(3,1)=-7.8111854129e-001; w1(3,1)=-1.2293518835e-002; w1(3,2)=-8.5877400814e-002; w1(3,3)=-6.8129957494e-001; w1(3,4)=7.5682506353e-003; 
w10(4,1)=2.4655672208e-001; w1(4,1)=-6.9608135988e-002; w1(4,2)=-2.5015987811e-001; w1(4,3)=5.6604628989e-001; w1(4,4)=-2.6594907863e-001; 
w10(5,1)=1.9224362740e-002; w1(5,1)=3.6783520001e-001; w1(5,2)=4.2902749866e-001; w1(5,3)=9.3996172793e-003; w1(5,4)=1.6632676669e-001; 
w10(6,1)=-5.0372710978e-002; w1(6,1)=8.0585954878e-001; w1(6,2)=4.9104994427e-001; w1(6,3)=-4.2619541906e-001; w1(6,4)=3.9770698434e-001; 
w10(7,1)=-1.0234154435e+000; w1(7,1)=-1.6450964907e-003; w1(7,2)=1.6154529769e-001; w1(7,3)=4.5007819596e-001; w1(7,4)=4.7051534765e-001; 
w10(8,1)=-2.3493497993e-002; w1(8,1)=-5.8273199172e-001; w1(8,2)=-3.4500221992e-001; w1(8,3)=-9.2376049011e-001; w1(8,4)=1.2612822355e+000; 
w10(9,1)=1.9474069682e-001; w1(9,1)=-2.3523658611e-001; w1(9,2)=3.6814522061e-001; w1(9,3)=-4.7646887738e-001; w1(9,4)=-3.7396767489e-001; 
w10(10,1)=-5.5296452918e-001; w1(10,1)=1.4335248547e-001; w1(10,2)=9.9937702988e-002; w1(10,3)=2.9205043740e-001; w1(10,4)=1.7673256319e-001; 
w20=-1.1985389610e-001; w2(1)=2.5634779293e-001; w2(2)=1.8464510602e-002; w2(3)=-9.5005473927e-001; w2(4)=5.5122625657e-001; w2(5)=1.5443142669e-001; w2(6)=-2.0186329760e-001; w2(7)=5.4027596182e-001; w2(8)=-2.5049088871e-001; w2(9)=-1.7977875178e-001; w2(10)=2.5637413534e-001; 

