
%liczba neuronów ukrytych: 2, liczba wejœæ sieci: 4
%wejœcie 1: u(k-3)
%wejœcie 2: u(k-4)
%wejœcie 3: y(k-1)
%wejœcie 4: y(k-2)
%uczenie w trybie OE
w10(1,1)=2.5109044165e-001; w1(1,1)=-9.9812313063e-003; w1(1,2)=-2.1648138938e-002; w1(1,3)=4.9772419240e-001; w1(1,4)=9.5997379718e-002; 
w10(2,1)=3.5444647247e-001; w1(2,1)=-1.2406466847e+000; w1(2,2)=7.3763991249e+000; w1(2,3)=1.5001361056e+001; w1(2,4)=-1.2313773170e+001; 
w20=-3.8829974491e-001; w2(1)=1.6436431843e+000; w2(2)=-4.7340259770e-002; 

