
%liczba neuronów ukrytych: 9, liczba wejœæ sieci: 4
%wejœcie 1: u(k-3)
%wejœcie 2: u(k-4)
%wejœcie 3: y(k-1)
%wejœcie 4: y(k-2)
%uczenie w trybie ARX
w10(1,1)=1.1280983232e-002; w1(1,1)=-4.7156522099e-001; w1(1,2)=-6.3310086756e-001; w1(1,3)=5.5513383521e-001; w1(1,4)=-3.2327277968e-001; 
w10(2,1)=4.2061819197e-001; w1(2,1)=-1.0252182434e-001; w1(2,2)=-2.5831338623e-001; w1(2,3)=-5.1545821683e-001; w1(2,4)=2.2746857468e-001; 
w10(3,1)=2.8256460876e-001; w1(3,1)=6.7718506479e-003; w1(3,2)=2.5599292032e-003; w1(3,3)=-4.0739796427e-001; w1(3,4)=2.2695713924e-002; 
w10(4,1)=8.2778581645e-002; w1(4,1)=-9.4477383455e-002; w1(4,2)=-2.4503513112e-002; w1(4,3)=3.3564778844e-001; w1(4,4)=5.2952414936e-001; 
w10(5,1)=3.2430258915e-002; w1(5,1)=4.2161139327e-002; w1(5,2)=8.1861294862e-002; w1(5,3)=-3.9311379945e-001; w1(5,4)=1.1958692177e-001; 
w10(6,1)=4.9340463943e-002; w1(6,1)=1.7253164657e-001; w1(6,2)=2.8559323749e-001; w1(6,3)=-5.1771717516e-001; w1(6,4)=-2.4132254870e-001; 
w10(7,1)=-3.6714659557e-001; w1(7,1)=5.6805146057e-002; w1(7,2)=2.5533670448e-002; w1(7,3)=-3.2575045397e-001; w1(7,4)=2.6563806500e-002; 
w10(8,1)=-8.5414948379e-002; w1(8,1)=-4.7224863827e-001; w1(8,2)=-4.6661793214e-001; w1(8,3)=9.7161295673e-002; w1(8,4)=3.0379826335e-001; 
w10(9,1)=1.2635321730e-001; w1(9,1)=1.3983161170e-002; w1(9,2)=8.7591020274e-002; w1(9,3)=2.5011022479e-001; w1(9,4)=8.8170703725e-002; 
w20=1.2654033788e-003; w2(1)=3.3703792794e-001; w2(2)=-4.9920456665e-001; w2(3)=-6.1893696166e-001; w2(4)=-2.5139096223e-001; w2(5)=-1.1657207905e+000; w2(6)=-2.1335206033e-001; w2(7)=-9.1767940721e-001; w2(8)=-4.0638143962e-001; w2(9)=5.9976913171e-001; 

