
%liczba neuronów ukrytych: 10, liczba wejœæ sieci: 4
%wejœcie 1: u(k-3)
%wejœcie 2: u(k-4)
%wejœcie 3: y(k-1)
%wejœcie 4: y(k-2)
%uczenie w trybie OE
w10(1,1)=1.2848161012e-003; w1(1,1)=2.3348589620e-001; w1(1,2)=-3.8425117698e-001; w1(1,3)=-1.9746573263e-001; w1(1,4)=6.5193178187e-001; 
w10(2,1)=3.2066580228e-001; w1(2,1)=1.0167331376e+000; w1(2,2)=-9.0240553631e-001; w1(2,3)=7.1396537440e-002; w1(2,4)=1.1916579535e+000; 
w10(3,1)=4.0081077819e-002; w1(3,1)=3.8249180642e-001; w1(3,2)=-1.4176662635e+000; w1(3,3)=-8.2177996422e-001; w1(3,4)=1.0537015783e+000; 
w10(4,1)=4.4229102194e-001; w1(4,1)=-7.7051782533e-001; w1(4,2)=-7.4719252822e-001; w1(4,3)=3.2025895869e-001; w1(4,4)=5.4178404224e-001; 
w10(5,1)=-2.0840654714e-002; w1(5,1)=-5.0003905003e-001; w1(5,2)=9.4634610562e-001; w1(5,3)=1.0655357702e+000; w1(5,4)=-6.4836473930e-001; 
w10(6,1)=-2.6922800811e-001; w1(6,1)=9.7710504702e-001; w1(6,2)=-7.9365162857e-001; w1(6,3)=-1.4479782043e-001; w1(6,4)=6.3863278489e-001; 
w10(7,1)=3.9139403336e-001; w1(7,1)=6.9996698641e-001; w1(7,2)=-7.6434491242e-001; w1(7,3)=8.3625118565e-002; w1(7,4)=1.2997483431e-001; 
w10(8,1)=4.7030838970e-002; w1(8,1)=1.6970295779e-001; w1(8,2)=-1.4923960970e+000; w1(8,3)=-5.4540840055e-001; w1(8,4)=5.6135632774e-001; 
w10(9,1)=2.6864306787e-001; w1(9,1)=4.8723988131e-002; w1(9,2)=-9.0574737398e-002; w1(9,3)=3.4383418566e-001; w1(9,4)=6.3425425819e-002; 
w10(10,1)=-7.3053544407e-002; w1(10,1)=-1.0433061552e+000; w1(10,2)=7.5342520929e-001; w1(10,3)=1.3919109388e+000; w1(10,4)=-1.2627055296e+000; 
w20=-3.1619392782e-001; w2(1)=6.8013721448e-001; w2(2)=-1.2337047334e-001; w2(3)=-3.6560231977e-001; w2(4)=3.3320504278e-002; w2(5)=3.9736750745e-001; w2(6)=3.1332407653e-001; w2(7)=5.5183129849e-001; w2(8)=2.6094684874e-001; w2(9)=9.8458252067e-001; w2(10)=4.2753021477e-001; 

