
%liczba neuronów ukrytych: 5, liczba wejœæ sieci: 4
%wejœcie 1: u(k-3)
%wejœcie 2: u(k-4)
%wejœcie 3: y(k-1)
%wejœcie 4: y(k-2)
%uczenie w trybie OE
w10(1,1)=9.9208953332e-001; w1(1,1)=-2.0534031333e-002; w1(1,2)=-4.4063650096e-002; w1(1,3)=2.6552073547e-001; w1(1,4)=-7.2142513333e-001; 
w10(2,1)=5.5818612528e-001; w1(2,1)=9.3391565096e-002; w1(2,2)=8.0519916908e-002; w1(2,3)=-1.2620445579e+000; w1(2,4)=1.1479463007e+000; 
w10(3,1)=-9.5081510833e-001; w1(3,1)=-7.9224816145e-002; w1(3,2)=8.8986364615e-003; w1(3,3)=-2.6029032792e-001; w1(3,4)=-1.3805940362e-001; 
w10(4,1)=-6.5801612179e-002; w1(4,1)=-9.7398224943e-001; w1(4,2)=-9.3390729178e-001; w1(4,3)=-7.8001608578e-001; w1(4,4)=7.2866329206e-001; 
w10(5,1)=-1.3397158384e-001; w1(5,1)=7.1834152977e-002; w1(5,2)=-2.7603205518e-001; w1(5,3)=-5.8686465551e-001; w1(5,4)=-1.0961123761e-001; 
w20=3.6374469513e-001; w2(1)=-1.6332092043e+000; w2(2)=-1.2252037049e+000; w2(3)=-1.9705493003e+000; w2(4)=-4.2945540811e-002; w2(5)=-2.5596932222e-001; 

