
%liczba neuronów ukrytych: 9, liczba wejœæ sieci: 4
%wejœcie 1: u(k-3)
%wejœcie 2: u(k-4)
%wejœcie 3: y(k-1)
%wejœcie 4: y(k-2)
%uczenie w trybie ARX
w10(1,1)=3.0701003142e-001; w1(1,1)=1.1841245611e-002; w1(1,2)=1.2735088718e-001; w1(1,3)=1.5580205367e-001; w1(1,4)=3.1537693005e-001; 
w10(2,1)=4.4079928444e-001; w1(2,1)=-3.9248846098e-002; w1(2,2)=3.8149735377e-002; w1(2,3)=5.1107411664e-001; w1(2,4)=-1.8241531860e-001; 
w10(3,1)=6.7628663769e-002; w1(3,1)=5.8580185907e-002; w1(3,2)=1.6307874188e-001; w1(3,3)=-2.4531024125e-001; w1(3,4)=-2.5614277522e-003; 
w10(4,1)=-1.1807468914e-001; w1(4,1)=-5.6925447320e-001; w1(4,2)=-7.5354968594e-001; w1(4,3)=5.0764723753e-001; w1(4,4)=-3.4488769941e-001; 
w10(5,1)=-1.9108335146e-001; w1(5,1)=-4.8044276052e-001; w1(5,2)=-6.1926187290e-001; w1(5,3)=1.6161139521e-001; w1(5,4)=1.2501783507e-001; 
w10(6,1)=5.5869290391e-002; w1(6,1)=1.1136815225e-001; w1(6,2)=2.4028468656e-001; w1(6,3)=-4.7893075832e-001; w1(6,4)=9.0985766140e-002; 
w10(7,1)=-2.3485490915e-001; w1(7,1)=-3.2479761156e-002; w1(7,2)=-3.9218986355e-002; w1(7,3)=1.1854729024e-001; w1(7,4)=7.5241432339e-002; 
w10(8,1)=6.3922255242e-001; w1(8,1)=-6.8837247336e-002; w1(8,2)=-1.8147684985e-001; w1(8,3)=-7.0693716807e-001; w1(8,4)=2.9395557110e-001; 
w10(9,1)=-2.1376441358e-001; w1(9,1)=1.7486545185e-001; w1(9,2)=-5.4811243734e-002; w1(9,3)=-1.9474503597e-001; w1(9,4)=-5.5839770896e-001; 
w20=2.9550377671e-002; w2(1)=5.5507391138e-001; w2(2)=1.0681775368e+000; w2(3)=-5.1715008308e-001; w2(4)=2.9527314273e-001; w2(5)=-4.2120203469e-001; w2(6)=-7.3654035696e-001; w2(7)=1.7150780708e-001; w2(8)=-9.0237297196e-001; w2(9)=2.7379223539e-001; 

