
%liczba neuronów ukrytych: 4, liczba wejœæ sieci: 4
%wejœcie 1: u(k-3)
%wejœcie 2: u(k-4)
%wejœcie 3: y(k-1)
%wejœcie 4: y(k-2)
%uczenie w trybie OE
w10(1,1)=-9.9604102249e-002; w1(1,1)=6.5414730642e-002; w1(1,2)=-8.8344980086e-002; w1(1,3)=-3.6667694908e-001; w1(1,4)=1.6222968992e-001; 
w10(2,1)=1.6078843714e-001; w1(2,1)=1.3183354411e+000; w1(2,2)=-1.4899038362e-001; w1(2,3)=1.5394208423e+000; w1(2,4)=-1.2378279635e+000; 
w10(3,1)=1.0483639074e-001; w1(3,1)=1.3488783811e+000; w1(3,2)=-3.2123383887e-001; w1(3,3)=1.2129076162e-001; w1(3,4)=3.2452043865e-001; 
w10(4,1)=-7.1395129579e-001; w1(4,1)=2.3896287256e-001; w1(4,2)=-3.5582307593e-001; w1(4,3)=-4.2604415170e-001; w1(4,4)=5.9798252063e-001; 
w20=4.2387622681e-001; w2(1)=-3.9772445112e+000; w2(2)=1.9853851712e-001; w2(3)=-1.3197582139e-001; w2(4)=1.3638110030e+000; 

