
%liczba neuronów ukrytych: 2, liczba wejœæ sieci: 4
%wejœcie 1: u(k-3)
%wejœcie 2: u(k-4)
%wejœcie 3: y(k-1)
%wejœcie 4: y(k-2)
%uczenie w trybie OE
w10(1,1)=2.4875817762e-001; w1(1,1)=-1.3121085020e-002; w1(1,2)=-1.7059456552e-002; w1(1,3)=4.9507709331e-001; w1(1,4)=8.5212819110e-002; 
w10(2,1)=3.3304246112e-001; w1(2,1)=-3.4611719041e+000; w1(2,2)=1.0111257662e+001; w1(2,3)=1.8782272048e+001; w1(2,4)=-1.5856179176e+001; 
w20=-3.9446677044e-001; w2(1)=1.6792807818e+000; w2(2)=-4.7159800098e-002; 

