
%liczba neuronów ukrytych: 7, liczba wejœæ sieci: 4
%wejœcie 1: u(k-3)
%wejœcie 2: u(k-4)
%wejœcie 3: y(k-1)
%wejœcie 4: y(k-2)
%uczenie w trybie OE
w10(1,1)=-5.3673692834e-001; w1(1,1)=-3.5688153136e-001; w1(1,2)=3.0699094731e-001; w1(1,3)=3.7972374973e-001; w1(1,4)=9.9929963900e-002; 
w10(2,1)=-3.0076612813e-001; w1(2,1)=2.2730384643e-001; w1(2,2)=-2.1344576220e-001; w1(2,3)=7.4435531415e-001; w1(2,4)=-3.2083790070e-001; 
w10(3,1)=-1.2900406815e+000; w1(3,1)=1.8608003341e+000; w1(3,2)=1.2153628379e-001; w1(3,3)=-4.5709524879e-001; w1(3,4)=5.8435263783e-001; 
w10(4,1)=-7.5153291053e-001; w1(4,1)=1.7241728111e+000; w1(4,2)=-2.4680725266e-001; w1(4,3)=-6.4076978306e-001; w1(4,4)=2.3923281438e-001; 
w10(5,1)=-1.7256799429e+000; w1(5,1)=-1.4138456119e-001; w1(5,2)=4.8943190442e-001; w1(5,3)=-1.0368114313e-001; w1(5,4)=-9.3507020246e-001; 
w10(6,1)=-1.5928757097e-001; w1(6,1)=2.5095956866e-002; w1(6,2)=-5.7414202878e-002; w1(6,3)=-9.4402181762e-001; w1(6,4)=4.2059164533e-001; 
w10(7,1)=9.0090199197e-002; w1(7,1)=4.8263430358e-001; w1(7,2)=2.1896753385e+000; w1(7,3)=9.2614990685e-001; w1(7,4)=-1.8242506221e-001; 
w20=1.4597549739e-001; w2(1)=5.3278524631e-001; w2(2)=9.1203761610e-001; w2(3)=5.2402401534e-002; w2(4)=-8.6265724243e-002; w2(5)=-2.7784955011e-001; w2(6)=-7.0887249025e-001; w2(7)=-9.1522220635e-003; 

