
%liczba neuronów ukrytych: 3, liczba wejœæ sieci: 4
%wejœcie 1: u(k-3)
%wejœcie 2: u(k-4)
%wejœcie 3: y(k-1)
%wejœcie 4: y(k-2)
%uczenie w trybie OE
w10(1,1)=2.4412166610e-001; w1(1,1)=3.4165446081e-003; w1(1,2)=-4.0742826198e-002; w1(1,3)=4.8525871808e-001; w1(1,4)=8.0150415361e-002; 
w10(2,1)=-1.5527889752e+000; w1(2,1)=1.3521342107e+000; w1(2,2)=-1.1740951746e+001; w1(2,3)=-2.5496587075e+000; w1(2,4)=-3.9664901997e-001; 
w10(3,1)=6.9259778405e-002; w1(3,1)=-2.7165464142e+000; w1(3,2)=-6.6364931605e+000; w1(3,3)=-8.3040148351e+000; w1(3,4)=3.9213060638e+000; 
w20=-3.9740969478e-001; w2(1)=1.7193197464e+000; w2(2)=1.8920569150e-002; w2(3)=1.7117940291e-002; 

