
%liczba neuronów ukrytych: 4, liczba wejœæ sieci: 4
%wejœcie 1: u(k-3)
%wejœcie 2: u(k-4)
%wejœcie 3: y(k-1)
%wejœcie 4: y(k-2)
%uczenie w trybie OE
w10(1,1)=1.3513086246e-001; w1(1,1)=2.7522382253e-001; w1(1,2)=-2.2978077453e+000; w1(1,3)=4.7139819264e-001; w1(1,4)=-3.3977425284e-001; 
w10(2,1)=-4.2562782955e-001; w1(2,1)=2.9653123072e-002; w1(2,2)=-2.9915876566e-002; w1(2,3)=-6.2748515816e-001; w1(2,4)=2.2734271429e-001; 
w10(3,1)=5.2798653268e-001; w1(3,1)=-3.9838335032e-001; w1(3,2)=1.6766735908e+000; w1(3,3)=2.4719596915e+000; w1(3,4)=-1.1747382450e+000; 
w10(4,1)=-1.2175114800e+000; w1(4,1)=1.3306767897e-001; w1(4,2)=-8.3842014270e-002; w1(4,3)=-4.4125816130e-002; w1(4,4)=8.2792842404e-001; 
w20=-3.0925578425e-001; w2(1)=5.3756945322e-002; w2(2)=-2.3003988243e+000; w2(3)=-1.3541094246e-002; w2(4)=7.3352060240e-001; 

