
%liczba neuronów ukrytych: 4, liczba wejœæ sieci: 4
%wejœcie 1: u(k-3)
%wejœcie 2: u(k-4)
%wejœcie 3: y(k-1)
%wejœcie 4: y(k-2)
%uczenie w trybie OE
w10(1,1)=-4.4612629137e-001; w1(1,1)=-2.8183356221e-002; w1(1,2)=2.5041074969e-002; w1(1,3)=-5.7795661332e-001; w1(1,4)=1.6251603229e-001; 
w10(2,1)=-6.6458351440e-001; w1(2,1)=1.8045481597e-001; w1(2,2)=-1.1351785822e-001; w1(2,3)=-6.7331219669e-001; w1(2,4)=1.4018509282e+000; 
w10(3,1)=-2.8788569583e+000; w1(3,1)=4.9741112303e-001; w1(3,2)=1.4674105303e+000; w1(3,3)=1.9164606551e+000; w1(3,4)=2.9740393456e+000; 
w10(4,1)=-9.6308222941e-002; w1(4,1)=1.0660023309e+000; w1(4,2)=3.2632252036e-001; w1(4,3)=-1.8665190523e+000; w1(4,4)=1.7304182228e+000; 
w20=-5.8202868411e-001; w2(1)=-2.0177148519e+000; w2(2)=4.3503787109e-001; w2(3)=2.1129893112e-002; w2(4)=-1.1787262651e-001; 

