
%liczba neuronów ukrytych: 4, liczba wejœæ sieci: 4
%wejœcie 1: u(k-3)
%wejœcie 2: u(k-4)
%wejœcie 3: y(k-1)
%wejœcie 4: y(k-2)
%uczenie w trybie OE
w10(1,1)=1.9182209579e-002; w1(1,1)=-3.8155412199e-001; w1(1,2)=-1.5221725162e+000; w1(1,3)=1.3443765397e+000; w1(1,4)=-1.2334680536e+000; 
w10(2,1)=-7.0144763898e-001; w1(2,1)=2.5241036679e-001; w1(2,2)=-2.3036393171e-001; w1(2,3)=-3.5612406526e-001; w1(2,4)=1.2773220061e+000; 
w10(3,1)=4.0993486404e-001; w1(3,1)=-1.7718977007e-001; w1(3,2)=1.7759889161e-001; w1(3,3)=1.8435009202e+000; w1(3,4)=-1.3400922357e+000; 
w10(4,1)=-7.4157308006e-001; w1(4,1)=-1.1393072945e-001; w1(4,2)=1.2720220619e-001; w1(4,3)=2.1813776400e-001; w1(4,4)=-7.1836717949e-001; 
w20=-6.5788275567e-001; w2(1)=4.9597733221e-002; w2(2)=4.6064983216e-001; w2(3)=9.2318326560e-001; w2(4)=-9.1568287997e-001; 

