
%liczba neuronów ukrytych: 4, liczba wejœæ sieci: 4
%wejœcie 1: u(k-3)
%wejœcie 2: u(k-4)
%wejœcie 3: y(k-1)
%wejœcie 4: y(k-2)
%uczenie w trybie OE
w10(1,1)=-1.0904926433e+000; w1(1,1)=7.2037938884e-001; w1(1,2)=4.5888075122e-001; w1(1,3)=1.2500263200e+000; w1(1,4)=-9.8056428533e-001; 
w10(2,1)=-1.3857693785e-001; w1(2,1)=-7.1614546759e-002; w1(2,2)=8.0284665841e-002; w1(2,3)=-3.6884118919e-001; w1(2,4)=-1.3736323017e-001; 
w10(3,1)=-2.3602041879e-001; w1(3,1)=-2.8260743598e-001; w1(3,2)=2.5167308913e-001; w1(3,3)=1.7533023580e-001; w1(3,4)=-9.1385958057e-001; 
w10(4,1)=-6.9910831521e-001; w1(4,1)=4.9536962094e-001; w1(4,2)=4.5665700205e-001; w1(4,3)=-1.8485608636e-002; w1(4,4)=-1.7442256488e-002; 
w20=-2.1051048364e-001; w2(1)=-3.4927939076e-001; w2(2)=-3.5896967544e+000; w2(3)=1.1259459467e+000; w2(4)=4.9932796395e-001; 

