
%liczba neuronów ukrytych: 10, liczba wejœæ sieci: 4
%wejœcie 1: u(k-3)
%wejœcie 2: u(k-4)
%wejœcie 3: y(k-1)
%wejœcie 4: y(k-2)
%uczenie w trybie OE
w10(1,1)=4.3060886695e-002; w1(1,1)=-5.9587763755e-002; w1(1,2)=-5.7525213772e-002; w1(1,3)=7.2115842285e-002; w1(1,4)=6.7927081928e-002; 
w10(2,1)=2.5447307285e-002; w1(2,1)=-2.4886513038e-003; w1(2,2)=-2.6120086670e-003; w1(2,3)=-3.4375391435e-002; w1(2,4)=1.3102114717e-001; 
w10(3,1)=3.9845120385e-002; w1(3,1)=4.7744914952e-003; w1(3,2)=2.4698925927e-003; w1(3,3)=9.8012623121e-002; w1(3,4)=3.1652745925e-001; 
w10(4,1)=-1.0924892692e-001; w1(4,1)=6.1827500978e-002; w1(4,2)=-1.4609443533e-002; w1(4,3)=-1.7216773569e-001; w1(4,4)=-2.6159743745e-001; 
w10(5,1)=2.4844821056e-001; w1(5,1)=3.7920540224e-002; w1(5,2)=1.7365784694e-001; w1(5,3)=2.0066512170e-001; w1(5,4)=2.8181776003e-001; 
w10(6,1)=-2.6069095384e-001; w1(6,1)=1.0890903701e-002; w1(6,2)=-2.2380002690e-001; w1(6,3)=-2.5085139388e-001; w1(6,4)=-2.9279273045e-001; 
w10(7,1)=8.3491090970e-002; w1(7,1)=3.0319695658e-002; w1(7,2)=-4.6639415050e-002; w1(7,3)=4.4099367478e-002; w1(7,4)=-1.3241545329e-001; 
w10(8,1)=-1.1649325659e-001; w1(8,1)=-4.2986595286e-002; w1(8,2)=2.3846221187e-002; w1(8,3)=3.2760740912e-002; w1(8,4)=1.4803010256e-001; 
w10(9,1)=4.9600116410e-002; w1(9,1)=-1.2418237458e-001; w1(9,2)=4.5084413807e-002; w1(9,3)=1.4644903834e-001; w1(9,4)=2.5030294359e-001; 
w10(10,1)=1.3805928941e-001; w1(10,1)=6.5137509026e-002; w1(10,2)=1.0356360516e-001; w1(10,3)=1.2368541376e-001; w1(10,4)=2.9334263129e-001; 
w20=-2.5862313021e-001; w2(1)=9.3008190200e-002; w2(2)=9.0692909703e-002; w2(3)=3.1822831313e-001; w2(4)=-3.0390648229e-001; w2(5)=3.3226018770e-001; w2(6)=-3.9173227441e-001; w2(7)=-1.0341620525e-001; w2(8)=1.5952028454e-001; w2(9)=3.0232777412e-001; w2(10)=2.9637673493e-001; 

