
%liczba neuronów ukrytych: 2, liczba wejœæ sieci: 4
%wejœcie 1: u(k-3)
%wejœcie 2: u(k-4)
%wejœcie 3: y(k-1)
%wejœcie 4: y(k-2)
%uczenie w trybie OE
w10(1,1)=-2.7229059972e-001; w1(1,1)=-8.9746821877e-003; w1(1,2)=-1.1700855570e-002; w1(1,3)=-4.3059906688e-001; w1(1,4)=-9.1247614151e-002; 
w10(2,1)=2.4987396863e-001; w1(2,1)=4.8516881615e+000; w1(2,2)=-1.0024625569e+001; w1(2,3)=1.7859777734e+001; w1(2,4)=-1.5932496668e+001; 
w20=-4.7910716586e-001; w2(1)=-1.8580876992e+000; w2(2)=-6.0003353307e-002; 

