
%liczba neuronów ukrytych: 9, liczba wejœæ sieci: 4
%wejœcie 1: u(k-3)
%wejœcie 2: u(k-4)
%wejœcie 3: y(k-1)
%wejœcie 4: y(k-2)
%uczenie w trybie ARX
w10(1,1)=7.0885895504e-002; w1(1,1)=-7.7474310257e-003; w1(1,2)=-8.5181859523e-002; w1(1,3)=6.0754217484e-002; w1(1,4)=8.5737246142e-002; 
w10(2,1)=-6.3921546070e-002; w1(2,1)=-5.7298368235e-001; w1(2,2)=-3.5661423730e-001; w1(2,3)=4.6925592039e-002; w1(2,4)=2.9961239760e-001; 
w10(3,1)=1.6429370472e-001; w1(3,1)=6.0839030175e-002; w1(3,2)=1.5636160096e-001; w1(3,3)=-3.9311296047e-001; w1(3,4)=2.3465215269e-001; 
w10(4,1)=-2.9036773376e-002; w1(4,1)=7.2649061644e-001; w1(4,2)=4.7666814847e-001; w1(4,3)=-5.1283071473e-001; w1(4,4)=2.9252392837e-001; 
w10(5,1)=-8.8686258619e-002; w1(5,1)=1.9907588796e-002; w1(5,2)=5.8122366949e-002; w1(5,3)=-1.8144914407e-001; w1(5,4)=3.4771645962e-002; 
w10(6,1)=-3.6400063661e-001; w1(6,1)=-2.2609362172e-002; w1(6,2)=-2.2992985661e-001; w1(6,3)=-2.6735044179e-001; w1(6,4)=4.6905890510e-002; 
w10(7,1)=-7.5729797358e-001; w1(7,1)=9.5069850934e-002; w1(7,2)=2.0366540273e-001; w1(7,3)=5.9860591428e-001; w1(7,4)=-2.3606027142e-001; 
w10(8,1)=-5.9811601294e-002; w1(8,1)=9.6083792501e-002; w1(8,2)=2.5540674293e-001; w1(8,3)=-3.5734511265e-001; w1(8,4)=1.6116901353e-001; 
w10(9,1)=3.9911830114e-001; w1(9,1)=8.9543355718e-003; w1(9,2)=9.9134581368e-002; w1(9,3)=1.2207708150e-001; w1(9,4)=1.4997674796e-001; 
w20=5.2423330483e-002; w2(1)=5.3514044071e-001; w2(2)=-3.2588339414e-001; w2(3)=-9.9772085845e-001; w2(4)=-2.1196744552e-001; w2(5)=-6.3766418496e-001; w2(6)=-8.7275412468e-001; w2(7)=1.0186480028e+000; w2(8)=-6.9716517112e-001; w2(9)=7.7609462372e-001; 

