
%liczba neuronów ukrytych: 7, liczba wejœæ sieci: 4
%wejœcie 1: u(k-3)
%wejœcie 2: u(k-4)
%wejœcie 3: y(k-1)
%wejœcie 4: y(k-2)
%uczenie w trybie OE
w10(1,1)=2.9197008328e-001; w1(1,1)=3.5673999084e-001; w1(1,2)=-7.2762810169e-001; w1(1,3)=-6.1841302212e-001; w1(1,4)=1.4318874059e-001; 
w10(2,1)=-3.2998802511e-001; w1(2,1)=-1.8832138132e-001; w1(2,2)=1.6489754009e-001; w1(2,3)=-2.6915486146e-001; w1(2,4)=-8.3241368356e-001; 
w10(3,1)=1.5262835997e-001; w1(3,1)=3.6945192015e-001; w1(3,2)=9.8345579770e-001; w1(3,3)=1.6066248329e-001; w1(3,4)=-4.2979745884e-001; 
w10(4,1)=-2.4119782456e-001; w1(4,1)=1.2788584623e-001; w1(4,2)=-9.3924553059e-002; w1(4,3)=-6.8347086558e-001; w1(4,4)=2.6554467273e-001; 
w10(5,1)=8.4337772556e-002; w1(5,1)=-1.0226640024e-001; w1(5,2)=1.7317932396e-001; w1(5,3)=-6.4670258468e-001; w1(5,4)=2.6829042937e-001; 
w10(6,1)=3.2922212004e-001; w1(6,1)=2.0752140480e-001; w1(6,2)=-2.5817228642e-001; w1(6,3)=-3.6890474247e-001; w1(6,4)=6.6633370277e-001; 
w10(7,1)=9.4637171404e-002; w1(7,1)=3.3640900883e-001; w1(7,2)=1.0124333025e+000; w1(7,3)=-2.5773466612e-001; w1(7,4)=6.0240869658e-002; 
w20=-1.7272850624e-001; w2(1)=-4.2654013608e-001; w2(2)=1.1763734558e-001; w2(3)=4.8387819726e-001; w2(4)=-7.6609040460e-001; w2(5)=-1.1070574189e+000; w2(6)=6.9601712645e-001; w2(7)=-5.4527261152e-001; 

