
%liczba neuronów ukrytych: 2, liczba wejœæ sieci: 4
%wejœcie 1: u(k-3)
%wejœcie 2: u(k-4)
%wejœcie 3: y(k-1)
%wejœcie 4: y(k-2)
%uczenie w trybie OE
w10(1,1)=3.8570249613e-001; w1(1,1)=-1.9191932848e-002; w1(1,2)=-4.7127724344e-002; w1(1,3)=1.7754011799e+000; w1(1,4)=-1.0986957158e+000; 
w10(2,1)=-6.3183064709e-001; w1(2,1)=1.5963116101e-001; w1(2,2)=2.2499960556e-001; w1(2,3)=-5.2414937569e+000; w1(2,4)=4.0677703768e+000; 
w20=-5.4549179779e-001; w2(1)=3.1405980233e+000; w2(2)=1.0904543564e+000; 

