
%liczba neuronów ukrytych: 7, liczba wejœæ sieci: 4
%wejœcie 1: u(k-3)
%wejœcie 2: u(k-4)
%wejœcie 3: y(k-1)
%wejœcie 4: y(k-2)
%uczenie w trybie OE
w10(1,1)=-1.1476425736e+000; w1(1,1)=-1.8623193504e-001; w1(1,2)=8.6473259519e-002; w1(1,3)=-8.6230630110e-001; w1(1,4)=-1.2699576621e-001; 
w10(2,1)=-3.3970340466e-001; w1(2,1)=-6.5155138278e-001; w1(2,2)=-4.6388082287e-001; w1(2,3)=-8.5829235032e-002; w1(2,4)=-3.3342357707e-001; 
w10(3,1)=-4.2537900158e-001; w1(3,1)=2.7009441515e-003; w1(3,2)=1.0051610210e+000; w1(3,3)=-1.0441731098e+000; w1(3,4)=3.9594759070e-001; 
w10(4,1)=-9.0079992883e-002; w1(4,1)=1.9700802883e+000; w1(4,2)=2.0092075495e+000; w1(4,3)=8.6178906535e-002; w1(4,4)=-3.6166275094e-001; 
w10(5,1)=4.6285092727e-001; w1(5,1)=-2.8349114340e-002; w1(5,2)=-1.2409067404e+000; w1(5,3)=-1.1364098850e+000; w1(5,4)=1.7863911325e+000; 
w10(6,1)=-3.1116893029e-001; w1(6,1)=7.2324795121e-001; w1(6,2)=-5.3106703070e-001; w1(6,3)=-1.1957802327e+000; w1(6,4)=8.9339529026e-001; 
w10(7,1)=4.3341398305e-001; w1(7,1)=-1.9140729387e-001; w1(7,2)=8.3914640332e-002; w1(7,3)=-5.9494073757e-001; w1(7,4)=-1.3035064968e-001; 
w20=-1.2995644568e-001; w2(1)=-5.8587735244e-001; w2(2)=7.7009405904e-002; w2(3)=-2.1487339080e-001; w2(4)=-7.7930348525e-003; w2(5)=-1.1691310748e-001; w2(6)=-2.6705689177e-001; w2(7)=-1.0790480959e+000; 

