
%liczba neuronów ukrytych: 7, liczba wejœæ sieci: 4
%wejœcie 1: u(k-3)
%wejœcie 2: u(k-4)
%wejœcie 3: y(k-1)
%wejœcie 4: y(k-2)
%uczenie w trybie OE
w10(1,1)=-7.4021221634e-001; w1(1,1)=3.7347202206e-001; w1(1,2)=5.7547140885e-001; w1(1,3)=-5.2893884823e-002; w1(1,4)=-1.1932257835e-001; 
w10(2,1)=1.2852378154e-001; w1(2,1)=3.4336850776e-001; w1(2,2)=-4.2066179015e-001; w1(2,3)=-3.9266421385e-001; w1(2,4)=1.0772039088e+000; 
w10(3,1)=-9.9857471707e-002; w1(3,1)=6.6317975013e-001; w1(3,2)=-7.0055172507e-001; w1(3,3)=-1.1082272489e+000; w1(3,4)=6.6133282968e-001; 
w10(4,1)=-4.8320920789e-001; w1(4,1)=3.6924836872e-001; w1(4,2)=-4.0007672651e-001; w1(4,3)=3.1388151531e-001; w1(4,4)=2.9702231637e-001; 
w10(5,1)=7.9826713163e-001; w1(5,1)=2.1964662520e-001; w1(5,2)=-2.5088593561e-001; w1(5,3)=6.1968076229e-001; w1(5,4)=-1.3768831702e-001; 
w10(6,1)=-9.4108175314e-002; w1(6,1)=5.9549219376e-001; w1(6,2)=1.6194167066e+000; w1(6,3)=4.5849412197e-001; w1(6,4)=-4.8817141157e-001; 
w10(7,1)=-6.4525290121e-001; w1(7,1)=7.3893297300e-002; w1(7,2)=8.9297943436e-001; w1(7,3)=4.9592355020e-001; w1(7,4)=-4.7237933444e-001; 
w20=-5.4199939233e-001; w2(1)=-1.5136480249e-001; w2(2)=-1.6584554627e-001; w2(3)=-5.7351305325e-001; w2(4)=8.8642356663e-001; w2(5)=1.3520359602e+000; w2(6)=-3.6904625537e-002; w2(7)=1.6052485808e-001; 

