
%liczba neuronów ukrytych: 8, liczba wejœæ sieci: 4
%wejœcie 1: u(k-3)
%wejœcie 2: u(k-4)
%wejœcie 3: y(k-1)
%wejœcie 4: y(k-2)
%uczenie w trybie OE
w10(1,1)=4.6508520300e-001; w1(1,1)=-1.6580941543e-001; w1(1,2)=6.4373366052e-003; w1(1,3)=9.0176774354e-001; w1(1,4)=-5.1570338834e-001; 
w10(2,1)=2.2774044909e-001; w1(2,1)=-6.0398079110e-001; w1(2,2)=-2.0635213906e+000; w1(2,3)=-8.0968956840e-001; w1(2,4)=8.5950684416e-001; 
w10(3,1)=1.8517046422e-001; w1(3,1)=8.5453436866e-001; w1(3,2)=-7.4683866299e-001; w1(3,3)=-2.8465990154e-001; w1(3,4)=1.2518513002e+000; 
w10(4,1)=-2.4181140717e-002; w1(4,1)=6.1913011831e-001; w1(4,2)=-5.6329435297e-001; w1(4,3)=6.2678279786e-002; w1(4,4)=4.9429364285e-001; 
w10(5,1)=5.4076618247e-002; w1(5,1)=-9.8210324826e-001; w1(5,2)=7.6159922411e-001; w1(5,3)=2.9548145925e-001; w1(5,4)=-1.6516000459e-001; 
w10(6,1)=-2.6996201621e-001; w1(6,1)=-1.5934733743e-001; w1(6,2)=-7.4189365159e-003; w1(6,3)=-4.5828759611e-001; w1(6,4)=2.1378045843e-002; 
w10(7,1)=6.9381558643e-001; w1(7,1)=-7.2364797952e-002; w1(7,2)=1.6112766660e+000; w1(7,3)=1.3230038218e+000; w1(7,4)=-5.5788352149e-001; 
w10(8,1)=7.6483040724e-001; w1(8,1)=3.6214120675e-001; w1(8,2)=-4.3448630995e-001; w1(8,3)=-9.7394218162e-001; w1(8,4)=6.0627055782e-002; 
w20=-4.6466452812e-001; w2(1)=8.7210416974e-001; w2(2)=2.8353222158e-002; w2(3)=-2.1732379087e-001; w2(4)=5.9656507501e-001; w2(5)=2.1829330944e-001; w2(6)=-1.0570347171e+000; w2(7)=-4.3879224332e-002; w2(8)=-2.0228322244e-001; 

