
%liczba neuronów ukrytych: 10, liczba wejœæ sieci: 4
%wejœcie 1: u(k-3)
%wejœcie 2: u(k-4)
%wejœcie 3: y(k-1)
%wejœcie 4: y(k-2)
%uczenie w trybie OE
w10(1,1)=1.7236161061e-001; w1(1,1)=7.8324418517e-001; w1(1,2)=-4.1003750519e-001; w1(1,3)=-3.9913554050e-001; w1(1,4)=3.7864136618e-001; 
w10(2,1)=-1.1677095954e+000; w1(2,1)=-8.5767976662e-001; w1(2,2)=-1.3359162762e+000; w1(2,3)=-3.1238833018e-001; w1(2,4)=-4.2032888897e-001; 
w10(3,1)=-6.0250856619e-001; w1(3,1)=-5.9023859570e-001; w1(3,2)=2.2707592053e+000; w1(3,3)=7.6081830734e-001; w1(3,4)=-4.7462651743e-001; 
w10(4,1)=-3.4936658892e-001; w1(4,1)=-1.2609963479e-001; w1(4,2)=1.2542671103e-001; w1(4,3)=-1.3053454365e-001; w1(4,4)=-3.6954628345e-001; 
w10(5,1)=7.6270342993e-001; w1(5,1)=-7.2858751617e-001; w1(5,2)=6.4072167837e-001; w1(5,3)=-4.8040545613e-001; w1(5,4)=-6.0823613661e-001; 
w10(6,1)=-2.7543367059e-001; w1(6,1)=-2.1991904885e-002; w1(6,2)=-1.3611043043e+000; w1(6,3)=-9.1978915317e-001; w1(6,4)=4.2186607530e-001; 
w10(7,1)=4.0672075823e-001; w1(7,1)=8.9604860008e-001; w1(7,2)=-1.4525442344e+000; w1(7,3)=-2.1498180204e-001; w1(7,4)=5.1416481121e-001; 
w10(8,1)=-6.5987807965e-001; w1(8,1)=-2.1225834248e-001; w1(8,2)=1.7332061754e-001; w1(8,3)=-5.8815450149e-001; w1(8,4)=8.9214465241e-002; 
w10(9,1)=-3.8138632057e-002; w1(9,1)=-5.4054115377e-001; w1(9,2)=1.1755601742e+000; w1(9,3)=1.0249620198e+000; w1(9,4)=-9.9645039008e-001; 
w10(10,1)=-2.9359721070e-001; w1(10,1)=1.9673082747e+000; w1(10,2)=1.6029572371e-001; w1(10,3)=-7.6525950283e-001; w1(10,4)=5.1246192759e-001; 
w20=-6.1086114199e-001; w2(1)=-4.4646774107e-001; w2(2)=-7.6342314129e-003; w2(3)=8.9568116531e-003; w2(4)=-4.3659596889e-001; w2(5)=-4.0655933228e-001; w2(6)=7.2310907517e-002; w2(7)=3.0726713278e-001; w2(8)=-1.2248893662e+000; w2(9)=4.6903522636e-001; w2(10)=-3.7304462408e-002; 

