
%liczba neuronów ukrytych: 4, liczba wejœæ sieci: 4
%wejœcie 1: u(k-3)
%wejœcie 2: u(k-4)
%wejœcie 3: y(k-1)
%wejœcie 4: y(k-2)
%uczenie w trybie OE
w10(1,1)=4.3880992747e-001; w1(1,1)=1.3098484601e+000; w1(1,2)=-1.5288679799e+000; w1(1,3)=1.2925421815e+000; w1(1,4)=-1.6022526188e+000; 
w10(2,1)=3.1060932886e-001; w1(2,1)=6.9032831649e-001; w1(2,2)=-6.2758262040e-001; w1(2,3)=-5.4782874197e-001; w1(2,4)=7.3690107639e-001; 
w10(3,1)=3.6457490649e-002; w1(3,1)=-8.1934501225e-002; w1(3,2)=-1.6556588180e+000; w1(3,3)=5.6876060337e-001; w1(3,4)=-1.2364598345e+000; 
w10(4,1)=-1.5661897220e-001; w1(4,1)=2.9725065419e-001; w1(4,2)=-9.9163259150e-002; w1(4,3)=-2.1895331289e+000; w1(4,4)=1.8295633307e+000; 
w20=-4.4868592048e-001; w2(1)=-7.5829933743e-001; w2(2)=1.8490217670e+000; w2(3)=6.4758461172e-002; w2(4)=-1.3070179707e+000; 

