
%liczba neuronów ukrytych: 9, liczba wejœæ sieci: 4
%wejœcie 1: u(k-3)
%wejœcie 2: u(k-4)
%wejœcie 3: y(k-1)
%wejœcie 4: y(k-2)
%uczenie w trybie OE
w10(1,1)=-1.4288265407e+000; w1(1,1)=3.0148189379e-001; w1(1,2)=-3.6942762607e-001; w1(1,3)=-5.0958792487e-001; w1(1,4)=-2.8782794102e-001; 
w10(2,1)=5.5532422687e-002; w1(2,1)=1.1600097553e+000; w1(2,2)=1.6431798642e+000; w1(2,3)=-6.4014108809e-001; w1(2,4)=-3.0128284600e-001; 
w10(3,1)=2.4610242130e-001; w1(3,1)=-3.1125949991e-001; w1(3,2)=2.1525775608e-001; w1(3,3)=1.0092838091e-001; w1(3,4)=4.6175313190e-001; 
w10(4,1)=6.5453163460e-001; w1(4,1)=1.1248276986e+000; w1(4,2)=2.0778392386e-001; w1(4,3)=-1.6842615926e-001; w1(4,4)=-1.1130928203e+000; 
w10(5,1)=5.3989087821e-002; w1(5,1)=1.5648857980e+000; w1(5,2)=1.2897267456e+000; w1(5,3)=-2.9517125936e-001; w1(5,4)=-3.7649367541e-001; 
w10(6,1)=3.1372580335e-001; w1(6,1)=4.2077555845e-001; w1(6,2)=-3.7369131161e-001; w1(6,3)=1.4563282928e+000; w1(6,4)=-9.3484075625e-001; 
w10(7,1)=7.3035096456e-001; w1(7,1)=1.9669155940e-001; w1(7,2)=-1.8514400424e-001; w1(7,3)=-5.8305446073e-001; w1(7,4)=4.7775377676e-003; 
w10(8,1)=-6.0651337332e-001; w1(8,1)=-1.2381701062e+000; w1(8,2)=-9.9272056487e-002; w1(8,3)=4.2375905624e-001; w1(8,4)=9.3441727369e-001; 
w10(9,1)=4.8000758553e-001; w1(9,1)=-1.0776856439e-001; w1(9,2)=1.6083017920e+000; w1(9,3)=-2.6800843378e-001; w1(9,4)=6.7514984754e-001; 
w20=-5.0813620670e-003; w2(1)=-4.8645151330e-001; w2(2)=-1.5862535245e-002; w2(3)=2.7632183159e-001; w2(4)=-2.8213628568e-001; w2(5)=3.2372202300e-002; w2(6)=6.8322985550e-001; w2(7)=-1.1236383604e+000; w2(8)=-2.6009743837e-001; w2(9)=4.0031752631e-002; 

