
%liczba neuronów ukrytych: 1, liczba wejœæ sieci: 4
%wejœcie 1: u(k-3)
%wejœcie 2: u(k-4)
%wejœcie 3: y(k-1)
%wejœcie 4: y(k-2)
%uczenie w trybie OE
w10(1,1)=-2.0607566605e-001; w1(1,1)=-1.1797683580e-002; w1(1,2)=-7.5672544525e-002; w1(1,3)=-6.3335268479e-002; w1(1,4)=-4.2961181641e-001; 
w20=-3.8018937296e-001; w2(1)=-1.8875817246e+000; 

