
%liczba neuronów ukrytych: 6, liczba wejœæ sieci: 4
%wejœcie 1: u(k-3)
%wejœcie 2: u(k-4)
%wejœcie 3: y(k-1)
%wejœcie 4: y(k-2)
%uczenie w trybie OE
w10(1,1)=-1.2914962043e+000; w1(1,1)=-2.3564456151e-002; w1(1,2)=-8.0824776252e-002; w1(1,3)=-8.8394917117e-001; w1(1,4)=8.4962950557e-002; 
w10(2,1)=-7.6928438328e-001; w1(2,1)=-1.0563478907e+000; w1(2,2)=-7.1037051788e-001; w1(2,3)=-2.8400126210e-001; w1(2,4)=-3.3183332108e-001; 
w10(3,1)=-5.9656198729e-001; w1(3,1)=-6.1275635817e-002; w1(3,2)=9.8029723381e-002; w1(3,3)=3.2231658477e-001; w1(3,4)=1.0210421649e-001; 
w10(4,1)=1.9549460502e-001; w1(4,1)=-5.0405827766e-002; w1(4,2)=9.6968812615e-002; w1(4,3)=-1.3128322193e+000; w1(4,4)=6.8803888868e-001; 
w10(5,1)=1.7403016270e-001; w1(5,1)=1.6107090474e+000; w1(5,2)=6.0769938341e-001; w1(5,3)=1.0747109943e-001; w1(5,4)=-5.9056533764e-001; 
w10(6,1)=8.3219839796e-001; w1(6,1)=1.1419794304e+000; w1(6,2)=3.6868175964e-001; w1(6,3)=1.0844006192e+000; w1(6,4)=-1.3156410959e+000; 
w20=8.7192882052e-002; w2(1)=-6.9347074245e-001; w2(2)=-4.0170205887e-002; w2(3)=9.7088004210e-001; w2(4)=-8.5120887532e-001; w2(5)=2.8557678022e-002; w2(6)=-4.5021350607e-002; 

