
%liczba neuronów ukrytych: 3, liczba wejœæ sieci: 4
%wejœcie 1: u(k-3)
%wejœcie 2: u(k-4)
%wejœcie 3: y(k-1)
%wejœcie 4: y(k-2)
%uczenie w trybie OE
w10(1,1)=-7.0414469935e-001; w1(1,1)=7.9761701269e-002; w1(1,2)=-6.5962963826e-002; w1(1,3)=2.6514631687e-001; w1(1,4)=1.9441780481e-001; 
w10(2,1)=-4.6751700383e-002; w1(2,1)=1.2177577823e+000; w1(2,2)=8.7443897038e-001; w1(2,3)=-2.0868815908e-001; w1(2,4)=2.0011471971e-001; 
w10(3,1)=5.9172069024e-001; w1(3,1)=-2.9074141109e-002; w1(3,2)=2.1045735233e-002; w1(3,3)=7.9966986012e-001; w1(3,4)=-3.8013864620e-001; 
w20=-1.7803604203e-001; w2(1)=1.3316699901e+000; w2(2)=-4.5591833679e-002; w2(3)=1.8528742902e+000; 

