
%liczba neuronów ukrytych: 9, liczba wejœæ sieci: 4
%wejœcie 1: u(k-3)
%wejœcie 2: u(k-4)
%wejœcie 3: y(k-1)
%wejœcie 4: y(k-2)
%uczenie w trybie OE
w10(1,1)=-1.1375225645e+000; w1(1,1)=-2.6503570832e-001; w1(1,2)=1.1404770534e+000; w1(1,3)=3.8993963814e-001; w1(1,4)=-9.0837721013e-001; 
w10(2,1)=2.3359311293e-003; w1(2,1)=-6.9258426411e-002; w1(2,2)=-1.8785907275e-001; w1(2,3)=8.1647843748e-001; w1(2,4)=-1.5731976779e-001; 
w10(3,1)=-5.6607295699e-001; w1(3,1)=-1.5416884694e-001; w1(3,2)=3.7567818579e-002; w1(3,3)=5.3982612463e-001; w1(3,4)=2.7680525148e-001; 
w10(4,1)=3.0819465283e-002; w1(4,1)=-3.0256607802e-001; w1(4,2)=1.5269710310e-001; w1(4,3)=3.0872085032e-002; w1(4,4)=-3.5492852396e-001; 
w10(5,1)=-8.0339775655e-001; w1(5,1)=3.0858552539e-001; w1(5,2)=-2.6659033706e-001; w1(5,3)=-8.5391369755e-001; w1(5,4)=2.4515439217e-001; 
w10(6,1)=4.7793175091e-001; w1(6,1)=1.1006034317e+000; w1(6,2)=-1.0477410239e-001; w1(6,3)=-1.1901035545e-001; w1(6,4)=5.4999696659e-001; 
w10(7,1)=6.8235528837e-002; w1(7,1)=-1.7044154394e-001; w1(7,2)=3.9253643993e-001; w1(7,3)=9.0917268634e-001; w1(7,4)=-1.5549003287e+000; 
w10(8,1)=3.3584030746e-003; w1(8,1)=5.9855475510e-001; w1(8,2)=9.7100214882e-001; w1(8,3)=-1.0451048681e-001; w1(8,4)=-6.6361798823e-001; 
w10(9,1)=-2.3521069075e-001; w1(9,1)=6.0931214585e-001; w1(9,2)=1.5887002334e+000; w1(9,3)=2.4817907572e-001; w1(9,4)=-3.7866208054e-001; 
w20=-2.5686581225e-001; w2(1)=-1.0627618831e-001; w2(2)=5.3842825236e-001; w2(3)=5.2026352832e-001; w2(4)=-1.1930136170e+000; w2(5)=-7.0802197357e-001; w2(6)=-9.8567614605e-002; w2(7)=4.8236099966e-001; w2(8)=3.0555175496e-002; w2(9)=-5.1883272816e-002; 

