
%liczba neuronów ukrytych: 10, liczba wejœæ sieci: 4
%wejœcie 1: u(k-3)
%wejœcie 2: u(k-4)
%wejœcie 3: y(k-1)
%wejœcie 4: y(k-2)
%uczenie w trybie OE
w10(1,1)=3.3365449489e-001; w1(1,1)=7.1705405903e-002; w1(1,2)=4.9440103127e-002; w1(1,3)=-1.4802454553e-001; w1(1,4)=-2.6778793445e-001; 
w10(2,1)=8.8386737030e-001; w1(2,1)=-5.0752318495e-001; w1(2,2)=2.6658010625e+000; w1(2,3)=-1.0453180521e+000; w1(2,4)=8.3350783602e-001; 
w10(3,1)=-1.6641616747e-001; w1(3,1)=4.8987174471e-001; w1(3,2)=-1.2763390658e+000; w1(3,3)=-3.7618942544e-001; w1(3,4)=-1.2480744981e-001; 
w10(4,1)=-3.1114154615e-001; w1(4,1)=1.0682169011e+000; w1(4,2)=-1.5917065665e+000; w1(4,3)=6.4210681054e-001; w1(4,4)=-1.0360164827e+000; 
w10(5,1)=3.6120812194e-002; w1(5,1)=8.5760167533e-002; w1(5,2)=-1.7777568090e-001; w1(5,3)=-5.6741184698e-001; w1(5,4)=7.7258530430e-002; 
w10(6,1)=2.1935520649e-001; w1(6,1)=7.5186766905e-001; w1(6,2)=1.0040983489e+000; w1(6,3)=-9.5853558043e-002; w1(6,4)=6.3046969876e-002; 
w10(7,1)=8.8746775981e-002; w1(7,1)=9.0399864227e-002; w1(7,2)=-1.1247701178e+000; w1(7,3)=8.8962486032e-001; w1(7,4)=-1.3646482011e+000; 
w10(8,1)=4.3468661765e-001; w1(8,1)=7.5860495269e-001; w1(8,2)=-1.8350063063e+000; w1(8,3)=1.5321645405e+000; w1(8,4)=-8.6513946825e-001; 
w10(9,1)=1.2312656769e+000; w1(9,1)=6.2999302852e-002; w1(9,2)=-7.4156624990e-002; w1(9,3)=1.0274606349e+000; w1(9,4)=-3.0879610425e-001; 
w10(10,1)=-7.9127515320e-001; w1(10,1)=1.4518433330e-001; w1(10,2)=-1.8738044835e-001; w1(10,3)=8.9189790581e-001; w1(10,4)=-3.5650380106e-001; 
w20=9.5066435973e-002; w2(1)=-5.3717972828e-001; w2(2)=-1.9336694228e-002; w2(3)=-2.0426085070e-001; w2(4)=8.2838773886e-002; w2(5)=-6.5276998417e-001; w2(6)=6.7106880992e-002; w2(7)=1.2772736860e-001; w2(8)=-4.0960551805e-002; w2(9)=8.1526526387e-001; w2(10)=8.9496716124e-001; 

