
%liczba neuronów ukrytych: 8, liczba wejœæ sieci: 4
%wejœcie 1: u(k-3)
%wejœcie 2: u(k-4)
%wejœcie 3: y(k-1)
%wejœcie 4: y(k-2)
%uczenie w trybie OE
w10(1,1)=-3.5183830903e-001; w1(1,1)=-3.9772902761e-001; w1(1,2)=-8.8783443690e-001; w1(1,3)=-1.6076170781e-001; w1(1,4)=4.7713411951e-001; 
w10(2,1)=9.7245482891e-001; w1(2,1)=5.2985834194e-001; w1(2,2)=-4.4799651061e-001; w1(2,3)=-5.8334222896e-001; w1(2,4)=-3.0157336983e-001; 
w10(3,1)=2.7508797772e-001; w1(3,1)=4.9873083191e-001; w1(3,2)=1.3799292371e+000; w1(3,3)=-1.0756202591e-001; w1(3,4)=1.0907051989e-001; 
w10(4,1)=-1.1549255209e-001; w1(4,1)=-7.3516926689e-001; w1(4,2)=-1.9044564993e-001; w1(4,3)=-2.7808083126e-001; w1(4,4)=8.2929292019e-001; 
w10(5,1)=2.5997198134e-001; w1(5,1)=-4.1830296984e-001; w1(5,2)=2.6260765275e-001; w1(5,3)=-3.5638421641e-001; w1(5,4)=6.6980033649e-001; 
w10(6,1)=5.1431023339e-001; w1(6,1)=-2.2881482898e-002; w1(6,2)=1.1006533635e-001; w1(6,3)=5.6079545274e-001; w1(6,4)=-3.0267958308e-001; 
w10(7,1)=-5.7318530171e-001; w1(7,1)=1.1617921768e+000; w1(7,2)=-2.2815357147e-002; w1(7,3)=7.8983689809e-001; w1(7,4)=-1.5120819654e+000; 
w10(8,1)=-4.0730218180e-002; w1(8,1)=-4.6448798568e-001; w1(8,2)=4.6302062650e-001; w1(8,3)=-7.9470453993e-001; w1(8,4)=5.8126928886e-001; 
w20=-9.0911632282e-001; w2(1)=1.2241646918e-001; w2(2)=-3.2416339617e-001; w2(3)=8.0861603354e-002; w2(4)=-8.9164115290e-002; w2(5)=9.2363525187e-001; w2(6)=1.9014575309e+000; w2(7)=2.1927200338e-002; w2(8)=-9.3539379991e-001; 

