
%liczba neuronów ukrytych: 8, liczba wejœæ sieci: 4
%wejœcie 1: u(k-3)
%wejœcie 2: u(k-4)
%wejœcie 3: y(k-1)
%wejœcie 4: y(k-2)
%uczenie w trybie OE
w10(1,1)=-6.4963016715e-002; w1(1,1)=-2.7859166943e-002; w1(1,2)=9.2861540528e-002; w1(1,3)=-1.6603068375e-002; w1(1,4)=2.3239416770e-001; 
w10(2,1)=4.6677190162e-002; w1(2,1)=5.0264046268e-001; w1(2,2)=3.9865616328e-001; w1(2,3)=-2.3276704036e-002; w1(2,4)=-6.5272441661e-001; 
w10(3,1)=-5.1903879844e-001; w1(3,1)=-1.3644292728e+000; w1(3,2)=1.3726594298e+000; w1(3,3)=1.7460859079e-001; w1(3,4)=-1.9413554352e+000; 
w10(4,1)=-1.5692460000e-001; w1(4,1)=5.4999011199e-001; w1(4,2)=1.3095495355e+000; w1(4,3)=6.9476276957e-002; w1(4,4)=-2.4010937845e-001; 
w10(5,1)=1.4496692145e-001; w1(5,1)=8.1131105774e-003; w1(5,2)=9.2907043368e-001; w1(5,3)=-3.9476995561e-001; w1(5,4)=-6.3371485295e-001; 
w10(6,1)=1.3873124469e-002; w1(6,1)=-2.3100999233e-001; w1(6,2)=3.6204949103e-002; w1(6,3)=4.8322052926e-001; w1(6,4)=-7.4046963004e-001; 
w10(7,1)=3.7422819511e-001; w1(7,1)=-3.5019627582e-002; w1(7,2)=1.2535293690e+000; w1(7,3)=8.9427844041e-001; w1(7,4)=-9.5632116767e-002; 
w10(8,1)=1.0952952897e-001; w1(8,1)=-1.6897176377e-001; w1(8,2)=2.7779324865e-003; w1(8,3)=1.0496311335e+000; w1(8,4)=-6.9821646183e-001; 
w20=-1.1506128061e-001; w2(1)=7.5251419426e-001; w2(2)=1.9222465237e-001; w2(3)=2.1671303003e-002; w2(4)=-6.7301469954e-002; w2(5)=-5.8533227361e-002; w2(6)=-1.1060918150e+000; w2(7)=-5.3245464633e-002; w2(8)=1.8119609569e+000; 

