
%liczba neuronów ukrytych: 6, liczba wejœæ sieci: 4
%wejœcie 1: u(k-3)
%wejœcie 2: u(k-4)
%wejœcie 3: y(k-1)
%wejœcie 4: y(k-2)
%uczenie w trybie OE
w10(1,1)=4.4063196725e-001; w1(1,1)=2.2050962296e-001; w1(1,2)=-1.8666861858e+000; w1(1,3)=-1.6333540957e-001; w1(1,4)=9.4470004470e-001; 
w10(2,1)=3.3809015625e-001; w1(2,1)=-3.3662167904e-001; w1(2,2)=7.1158436651e-003; w1(2,3)=4.0576208868e-001; w1(2,4)=-7.5127712616e-001; 
w10(3,1)=-4.9514026801e-002; w1(3,1)=8.2995962118e-001; w1(3,2)=2.8600087982e-001; w1(3,3)=-6.1359766622e-001; w1(3,4)=3.8068681178e-001; 
w10(4,1)=-5.4634868019e-002; w1(4,1)=-1.6323358830e-002; w1(4,2)=5.0799698809e-002; w1(4,3)=-4.3319261528e-001; w1(4,4)=1.3628020924e-001; 
w10(5,1)=1.8956947625e-001; w1(5,1)=4.5703626446e-002; w1(5,2)=1.0823143561e+000; w1(5,3)=4.5386343121e-001; w1(5,4)=-8.5887998696e-001; 
w10(6,1)=7.2139062063e-002; w1(6,1)=-1.6832611663e+000; w1(6,2)=-1.0783639891e+000; w1(6,3)=2.5970061406e-001; w1(6,4)=-6.6861587007e-001; 
w20=-6.1137154662e-002; w2(1)=-2.1245756768e-002; w2(2)=-3.8032278354e-001; w2(3)=-2.1323774753e-001; w2(4)=-2.8786998950e+000; w2(5)=1.3420813233e-001; w2(6)=1.6353131976e-002; 

