
%liczba neuronów ukrytych: 9, liczba wejœæ sieci: 4
%wejœcie 1: u(k-3)
%wejœcie 2: u(k-4)
%wejœcie 3: y(k-1)
%wejœcie 4: y(k-2)
%uczenie w trybie OE
w10(1,1)=6.6304611886e-001; w1(1,1)=1.9721588245e-001; w1(1,2)=-1.2337375819e-001; w1(1,3)=1.0199830474e+000; w1(1,4)=-4.9421168997e-001; 
w10(2,1)=4.1274470023e-001; w1(2,1)=-3.2684665251e-001; w1(2,2)=2.2994567741e-001; w1(2,3)=-1.2349702297e-002; w1(2,4)=5.1474691147e-001; 
w10(3,1)=3.5302995296e-001; w1(3,1)=-7.2252600027e-001; w1(3,2)=7.7624954496e-001; w1(3,3)=-5.9177541145e-001; w1(3,4)=1.3582799397e+000; 
w10(4,1)=-1.9024974526e-001; w1(4,1)=-3.8730155667e-001; w1(4,2)=4.3051074780e-001; w1(4,3)=3.6415116062e-001; w1(4,4)=1.4193110797e-001; 
w10(5,1)=1.4141227306e+000; w1(5,1)=-4.1893462292e-001; w1(5,2)=-1.7590775304e+000; w1(5,3)=4.2955167678e-001; w1(5,4)=5.5681028291e-001; 
w10(6,1)=8.8543745863e-001; w1(6,1)=-2.0502071485e-001; w1(6,2)=3.0453830080e-001; w1(6,3)=-8.6394112020e-001; w1(6,4)=1.7276152165e-001; 
w10(7,1)=-5.7454481487e-001; w1(7,1)=-1.3033197415e+000; w1(7,2)=2.7110533454e-001; w1(7,3)=2.0169697606e-001; w1(7,4)=1.2412173716e+000; 
w10(8,1)=3.4654023257e-001; w1(8,1)=-7.1565304128e-001; w1(8,2)=2.5330512230e+000; w1(8,3)=-2.0185866002e-001; w1(8,4)=8.8689744715e-001; 
w10(9,1)=-4.6986197988e-002; w1(9,1)=1.1298799349e+000; w1(9,2)=1.6971116877e+000; w1(9,3)=-7.9087525505e-001; w1(9,4)=-1.6680830957e-002; 
w20=-1.9158946091e-001; w2(1)=1.0394754143e+000; w2(2)=6.8594976723e-001; w2(3)=-2.4769517548e-001; w2(4)=4.7366991445e-001; w2(5)=-2.0261182143e-002; w2(6)=-7.1228887184e-001; w2(7)=-1.5024533059e-002; w2(8)=2.9013068926e-002; w2(9)=2.3393418606e-002; 

