
%liczba neuronów ukrytych: 4, liczba wejœæ sieci: 4
%wejœcie 1: u(k-3)
%wejœcie 2: u(k-4)
%wejœcie 3: y(k-1)
%wejœcie 4: y(k-2)
%uczenie w trybie OE
w10(1,1)=5.9981822273e-001; w1(1,1)=-6.8094176538e-002; w1(1,2)=1.7706257824e-002; w1(1,3)=-3.2085067226e-001; w1(1,4)=-8.4820553458e-002; 
w10(2,1)=4.9618119149e-001; w1(2,1)=-2.8048155847e-002; w1(2,2)=1.5469899702e-002; w1(2,3)=5.3941446048e-001; w1(2,4)=-1.6995567801e-001; 
w10(3,1)=-9.6031989755e-002; w1(3,1)=2.1486096119e-001; w1(3,2)=8.9541542372e-001; w1(3,3)=-2.2271621593e-001; w1(3,4)=-2.6377982784e-001; 
w10(4,1)=-8.7631704519e-002; w1(4,1)=2.9349447349e-001; w1(4,2)=7.7627933497e-001; w1(4,3)=-9.8414192731e-001; w1(4,4)=5.6204367908e-001; 
w20=-1.1520761238e-001; w2(1)=-1.3849974503e+000; w2(2)=1.8575682428e+000; w2(3)=3.7495976278e-001; w2(4)=-4.7876635338e-001; 

