
%liczba neuronów ukrytych: 9, liczba wejœæ sieci: 4
%wejœcie 1: u(k-3)
%wejœcie 2: u(k-4)
%wejœcie 3: y(k-1)
%wejœcie 4: y(k-2)
%uczenie w trybie ARX
w10(1,1)=-3.1889674624e-001; w1(1,1)=7.3294913198e-002; w1(1,2)=-3.1524489933e-002; w1(1,3)=-1.7439973343e-001; w1(1,4)=-1.5824925549e-001; 
w10(2,1)=-6.1681758613e-002; w1(2,1)=-4.0022591538e-002; w1(2,2)=-2.5224672026e-002; w1(2,3)=4.0206838014e-001; w1(2,4)=-1.0153653782e-001; 
w10(3,1)=1.5338270562e-001; w1(3,1)=-2.6038505904e-003; w1(3,2)=2.1793667589e-002; w1(3,3)=8.9375694185e-002; w1(3,4)=2.6627571113e-001; 
w10(4,1)=-9.2953595128e-002; w1(4,1)=3.2650346264e-001; w1(4,2)=4.8529171228e-001; w1(4,3)=-6.7162197210e-001; w1(4,4)=4.4133747569e-001; 
w10(5,1)=4.7551210611e-001; w1(5,1)=-1.5738086952e-001; w1(5,2)=-2.8110070703e-001; w1(5,3)=-4.0925995705e-001; w1(5,4)=8.3523682204e-002; 
w10(6,1)=-1.5098962839e-001; w1(6,1)=-3.6022037519e-002; w1(6,2)=-4.4216357932e-002; w1(6,3)=4.8719737243e-001; w1(6,4)=-1.2047454314e-001; 
w10(7,1)=1.1448870737e-001; w1(7,1)=-1.2793060554e-001; w1(7,2)=1.7370553004e-001; w1(7,3)=2.9726781017e-001; w1(7,4)=5.3024729048e-001; 
w10(8,1)=-9.1909065626e-002; w1(8,1)=2.5275144051e-002; w1(8,2)=-1.3250841489e-002; w1(8,3)=-1.7233333654e-001; w1(8,4)=-1.4318126116e-001; 
w10(9,1)=2.0081832279e-002; w1(9,1)=3.1865506802e-001; w1(9,2)=3.4184702602e-001; w1(9,3)=4.1505780318e-002; w1(9,4)=-3.5331360128e-001; 
w20=4.7828418102e-002; w2(1)=-6.9409727549e-001; w2(2)=6.2662500731e-001; w2(3)=3.9223764882e-001; w2(4)=-5.4922289787e-001; w2(5)=-4.0134067810e-001; w2(6)=1.2240130620e+000; w2(7)=-2.2488635457e-001; w2(8)=-4.3753416331e-001; w2(9)=6.1772297637e-001; 

