
%liczba neuronów ukrytych: 10, liczba wejœæ sieci: 4
%wejœcie 1: u(k-3)
%wejœcie 2: u(k-4)
%wejœcie 3: y(k-1)
%wejœcie 4: y(k-2)
%uczenie w trybie OE
w10(1,1)=1.2444990007e-002; w1(1,1)=-5.4710892465e-002; w1(1,2)=-6.2239203970e-002; w1(1,3)=-2.6300806777e-002; w1(1,4)=5.8495163396e-002; 
w10(2,1)=9.6275711369e-002; w1(2,1)=5.6908536813e-002; w1(2,2)=1.5687689585e-001; w1(2,3)=6.7484449453e-002; w1(2,4)=2.9563799714e-001; 
w10(3,1)=8.2236165898e-002; w1(3,1)=-6.7797732317e-002; w1(3,2)=-4.0387212482e-002; w1(3,3)=1.9858293173e-001; w1(3,4)=3.0318481283e-001; 
w10(4,1)=2.7615578725e-002; w1(4,1)=8.7427330740e-002; w1(4,2)=-1.8339580050e-002; w1(4,3)=-1.6200068057e-001; w1(4,4)=-1.4821077256e-001; 
w10(5,1)=-2.5203230779e-001; w1(5,1)=4.9955856855e-002; w1(5,2)=-6.6060045925e-002; w1(5,3)=-2.6707837662e-001; w1(5,4)=-3.8079500378e-001; 
w10(6,1)=-1.0596762778e-001; w1(6,1)=4.2928921345e-002; w1(6,2)=5.1222212526e-003; w1(6,3)=1.2183695647e-001; w1(6,4)=2.9675889410e-002; 
w10(7,1)=-2.6297745934e-001; w1(7,1)=-1.2740914486e-001; w1(7,2)=-2.2385654135e-001; w1(7,3)=-1.5502422613e-001; w1(7,4)=-3.1494650796e-001; 
w10(8,1)=-3.8101692181e-002; w1(8,1)=4.4986843100e-002; w1(8,2)=-6.0876024690e-002; w1(8,3)=2.7073524105e-002; w1(8,4)=1.2957105168e-001; 
w10(9,1)=-7.0686025134e-002; w1(9,1)=-4.8482591067e-002; w1(9,2)=-1.4000927361e-001; w1(9,3)=-4.9439546711e-002; w1(9,4)=-2.4312020389e-001; 
w10(10,1)=6.4632155525e-002; w1(10,1)=9.1129475873e-002; w1(10,2)=-9.2311996690e-003; w1(10,3)=-4.2946375134e-002; w1(10,4)=-2.0400664498e-001; 
w20=-2.3490326363e-001; w2(1)=3.4628707907e-002; w2(2)=2.7590598458e-001; w2(3)=3.5295383744e-001; w2(4)=-2.2113634426e-001; w2(5)=-4.5673880408e-001; w2(6)=7.8395455939e-002; w2(7)=-3.3583223155e-001; w2(8)=1.0746466056e-001; w2(9)=-2.2083719828e-001; w2(10)=-2.1197472488e-001; 

