
%liczba neuronów ukrytych: 8, liczba wejœæ sieci: 4
%wejœcie 1: u(k-3)
%wejœcie 2: u(k-4)
%wejœcie 3: y(k-1)
%wejœcie 4: y(k-2)
%uczenie w trybie OE
w10(1,1)=1.8719300005e-001; w1(1,1)=1.0532835635e+000; w1(1,2)=7.8224895626e-001; w1(1,3)=1.5760571042e-001; w1(1,4)=3.3539332702e-002; 
w10(2,1)=3.7259229407e-001; w1(2,1)=-2.6706853279e-001; w1(2,2)=-1.4830026909e+000; w1(2,3)=1.3588636177e-001; w1(2,4)=5.1012017204e-001; 
w10(3,1)=-2.6268110443e-001; w1(3,1)=-9.7029598209e-002; w1(3,2)=-5.0272600024e-001; w1(3,3)=5.4617472067e-001; w1(3,4)=-4.5580033047e-002; 
w10(4,1)=-4.1506267962e-001; w1(4,1)=3.2393296585e-001; w1(4,2)=1.5448018738e+000; w1(4,3)=7.7122014903e-001; w1(4,4)=-1.4398995780e+000; 
w10(5,1)=-9.1668715724e-001; w1(5,1)=-3.0433991503e-002; w1(5,2)=1.1421871166e-001; w1(5,3)=-7.2242106952e-001; w1(5,4)=1.0427025779e-001; 
w10(6,1)=-3.7286407133e-001; w1(6,1)=-4.5942771608e-001; w1(6,2)=-6.8581045150e-001; w1(6,3)=2.4246313548e-002; w1(6,4)=4.7742927238e-001; 
w10(7,1)=3.3915651518e-001; w1(7,1)=1.2600478244e-001; w1(7,2)=-3.9409266585e-001; w1(7,3)=-6.8517056589e-001; w1(7,4)=3.6439115450e-001; 
w10(8,1)=-5.9542997091e-001; w1(8,1)=5.0343660968e-002; w1(8,2)=-6.8266351109e-002; w1(8,3)=7.1840907824e-001; w1(8,4)=-1.3247381516e-001; 
w20=2.6034986419e-002; w2(1)=-5.5836377526e-002; w2(2)=1.1322714143e-001; w2(3)=3.2156392403e-001; w2(4)=8.6963694295e-002; w2(5)=-9.9356501982e-001; w2(6)=-1.6320686897e-001; w2(7)=-5.1692311654e-001; w2(8)=1.0273069287e+000; 

