
%liczba neuronów ukrytych: 7, liczba wejœæ sieci: 4
%wejœcie 1: u(k-3)
%wejœcie 2: u(k-4)
%wejœcie 3: y(k-1)
%wejœcie 4: y(k-2)
%uczenie w trybie OE
w10(1,1)=4.5295880301e-001; w1(1,1)=1.2507524002e-001; w1(1,2)=-2.2569383344e-001; w1(1,3)=6.5753538775e-001; w1(1,4)=-1.8382770929e-001; 
w10(2,1)=-3.5803713581e-001; w1(2,1)=-1.4452975611e-001; w1(2,2)=1.5798971185e-001; w1(2,3)=1.5176788360e-001; w1(2,4)=-5.1749257894e-001; 
w10(3,1)=-4.4386685998e-001; w1(3,1)=1.5802903539e-001; w1(3,2)=-1.2693413198e-001; w1(3,3)=5.1611938027e-001; w1(3,4)=-1.0561662783e-001; 
w10(4,1)=1.3810189048e-001; w1(4,1)=-2.7450976312e-001; w1(4,2)=2.6602607530e-001; w1(4,3)=5.7105953649e-001; w1(4,4)=-2.2356725477e-001; 
w10(5,1)=-6.4759150554e-001; w1(5,1)=1.2163916827e+000; w1(5,2)=7.6847166483e-001; w1(5,3)=-3.3327252244e-001; w1(5,4)=7.0441273168e-001; 
w10(6,1)=-3.2529753225e-001; w1(6,1)=-3.3440690480e-001; w1(6,2)=5.8100593190e-001; w1(6,3)=6.1569252928e-001; w1(6,4)=-1.3264395999e+000; 
w10(7,1)=-4.3749233441e-001; w1(7,1)=1.1219965329e+000; w1(7,2)=8.4967621042e-001; w1(7,3)=5.1186091035e-001; w1(7,4)=-2.9058560869e-001; 
w20=-8.8205181967e-002; w2(1)=8.9407417880e-001; w2(2)=-4.0883303332e-001; w2(3)=1.1051066634e+000; w2(4)=8.0606930853e-001; w2(5)=7.3276795611e-002; w2(6)=2.6496388686e-001; w2(7)=-1.0551765901e-001; 

