
%liczba neuronów ukrytych: 5, liczba wejœæ sieci: 4
%wejœcie 1: u(k-3)
%wejœcie 2: u(k-4)
%wejœcie 3: y(k-1)
%wejœcie 4: y(k-2)
%uczenie w trybie OE
w10(1,1)=-4.4131851842e-001; w1(1,1)=8.9460340293e-001; w1(1,2)=-6.3823217641e-001; w1(1,3)=-2.1493049604e+000; w1(1,4)=2.4715554045e+000; 
w10(2,1)=-2.2800083851e-001; w1(2,1)=7.5295612152e-002; w1(2,2)=-2.6804436121e+000; w1(2,3)=-2.1715486356e+000; w1(2,4)=-1.6457856710e+000; 
w10(3,1)=1.1869683177e-001; w1(3,1)=-1.8685623486e-002; w1(3,2)=1.6801244066e-002; w1(3,3)=6.1825263585e-001; w1(3,4)=-2.9542245707e-001; 
w10(4,1)=-2.1873736260e-001; w1(4,1)=5.5123444449e-001; w1(4,2)=1.5570700627e+000; w1(4,3)=-3.5343752463e-001; w1(4,4)=5.1916153633e-001; 
w10(5,1)=-5.2145627233e-001; w1(5,1)=1.1548251461e+000; w1(5,2)=-7.8857175054e-001; w1(5,3)=-5.1468841222e-001; w1(5,4)=6.2794322398e-001; 
w20=-2.7037686086e-001; w2(1)=4.7785627828e-001; w2(2)=1.2187573077e-002; w2(3)=2.6978018570e+000; w2(4)=-7.0709072347e-002; w2(5)=-2.8619759726e-001; 

