
%liczba neuronów ukrytych: 1, liczba wejœæ sieci: 4
%wejœcie 1: u(k-3)
%wejœcie 2: u(k-4)
%wejœcie 3: y(k-1)
%wejœcie 4: y(k-2)
%uczenie w trybie OE
w10(1,1)=1.9315616224e-001; w1(1,1)=4.5263027452e-002; w1(1,2)=-1.3111613060e-001; w1(1,3)=3.7457525882e-001; w1(1,4)=1.8674449041e-001; 
w20=-3.1737511470e-001; w2(1)=1.6797619599e+000; 

