
%liczba neuronów ukrytych: 10, liczba wejœæ sieci: 4
%wejœcie 1: u(k-3)
%wejœcie 2: u(k-4)
%wejœcie 3: y(k-1)
%wejœcie 4: y(k-2)
%uczenie w trybie OE
w10(1,1)=1.0870730897e-001; w1(1,1)=1.5763125962e-001; w1(1,2)=-8.7479410771e-001; w1(1,3)=9.7699894933e-001; w1(1,4)=-1.2032891386e+000; 
w10(2,1)=1.1115150529e+000; w1(2,1)=-5.5256836530e-001; w1(2,2)=3.3976118568e-001; w1(2,3)=-6.0393121143e-001; w1(2,4)=1.2947656471e+000; 
w10(3,1)=-2.2051841303e-001; w1(3,1)=-4.8290869010e-001; w1(3,2)=-1.4172099542e+000; w1(3,3)=6.0243657139e-001; w1(3,4)=-6.0417971085e-001; 
w10(4,1)=-1.4127726983e-002; w1(4,1)=-2.7715953997e-001; w1(4,2)=-2.2507543015e-001; w1(4,3)=3.2091588888e-001; w1(4,4)=1.4381124103e-001; 
w10(5,1)=1.6331175881e-001; w1(5,1)=6.0606444850e-001; w1(5,2)=-3.7129097793e-001; w1(5,3)=1.1449585508e+000; w1(5,4)=-8.7143837082e-001; 
w10(6,1)=4.1351097210e-001; w1(6,1)=-6.2595664019e-001; w1(6,2)=-3.0327174709e-001; w1(6,3)=-4.3035021282e-002; w1(6,4)=2.9957642392e-001; 
w10(7,1)=-1.0148946939e+000; w1(7,1)=-8.0063069363e-001; w1(7,2)=7.4986434799e-001; w1(7,3)=2.0290452086e-001; w1(7,4)=9.0429516765e-001; 
w10(8,1)=1.6933631637e-001; w1(8,1)=-7.3572641755e-002; w1(8,2)=1.6726699387e-001; w1(8,3)=3.3960154832e-001; w1(8,4)=-3.1190791271e-002; 
w10(9,1)=5.8591948928e-001; w1(9,1)=2.7596990493e-001; w1(9,2)=-1.8403996868e-001; w1(9,3)=-1.9398552909e-001; w1(9,4)=-2.2553010490e-001; 
w10(10,1)=1.5440988172e-001; w1(10,1)=-5.4803595591e-001; w1(10,2)=1.6557253239e+000; w1(10,3)=-3.0322975592e-001; w1(10,4)=-4.7657094474e-002; 
w20=-8.6258653960e-002; w2(1)=2.2600176802e-001; w2(2)=2.9270424384e-001; w2(3)=-3.8021399082e-002; w2(4)=3.6361038398e-001; w2(5)=6.3246935886e-001; w2(6)=-1.4173494676e-001; w2(7)=8.6908467368e-002; w2(8)=1.2961922354e+000; w2(9)=-7.2078534578e-001; w2(10)=3.5072133144e-002; 

