
%liczba neuronów ukrytych: 10, liczba wejœæ sieci: 4
%wejœcie 1: u(k-3)
%wejœcie 2: u(k-4)
%wejœcie 3: y(k-1)
%wejœcie 4: y(k-2)
%uczenie w trybie OE
w10(1,1)=4.7003524490e-002; w1(1,1)=3.8642616642e-001; w1(1,2)=-2.9330733367e-001; w1(1,3)=-6.2156173054e-001; w1(1,4)=1.1675838314e-001; 
w10(2,1)=3.6714890895e-001; w1(2,1)=7.0898703961e-001; w1(2,2)=5.8536445993e-001; w1(2,3)=-1.0501626388e-002; w1(2,4)=-2.4257768256e-001; 
w10(3,1)=-1.5595098348e-001; w1(3,1)=4.4764493764e-001; w1(3,2)=-2.2743158566e-002; w1(3,3)=-1.4874555323e-001; w1(3,4)=7.3194104661e-001; 
w10(4,1)=4.3815924444e-001; w1(4,1)=-4.5934105517e-001; w1(4,2)=-1.2368058839e+000; w1(4,3)=-4.9571641338e-001; w1(4,4)=-1.7375939679e-001; 
w10(5,1)=2.0309985268e-001; w1(5,1)=2.8964552789e-001; w1(5,2)=-1.0583586819e-001; w1(5,3)=1.8372247808e-001; w1(5,4)=4.8184036218e-001; 
w10(6,1)=-7.6994100249e-001; w1(6,1)=-5.1639294648e-001; w1(6,2)=-1.2482156474e+000; w1(6,3)=-5.6547948247e-001; w1(6,4)=-7.6791342354e-002; 
w10(7,1)=4.8482090422e-001; w1(7,1)=-9.0003000614e-001; w1(7,2)=-5.4338041308e-001; w1(7,3)=9.4988577421e-002; w1(7,4)=2.0282349283e-001; 
w10(8,1)=-8.3267180597e-002; w1(8,1)=1.5652948558e+000; w1(8,2)=3.1471398987e-001; w1(8,3)=-3.0082745024e-001; w1(8,4)=3.0460720994e-001; 
w10(9,1)=3.0611721362e-001; w1(9,1)=5.2047787886e-001; w1(9,2)=-3.5147908625e-001; w1(9,3)=-8.2606928631e-002; w1(9,4)=1.3763454112e+000; 
w10(10,1)=1.7059186067e-001; w1(10,1)=-7.9379487087e-002; w1(10,2)=-1.5240775167e-001; w1(10,3)=9.7947398282e-001; w1(10,4)=-5.5207574681e-001; 
w20=-1.8976759041e-001; w2(1)=-4.3241601222e-001; w2(2)=1.2352010595e-001; w2(3)=2.9552996609e-001; w2(4)=3.9155866912e-002; w2(5)=7.8739775924e-001; w2(6)=6.2204268760e-002; w2(7)=-5.7176113454e-002; w2(8)=-8.5524607836e-002; w2(9)=-2.1424886204e-001; w2(10)=9.5254120609e-001; 

