
%liczba neuronów ukrytych: 2, liczba wejœæ sieci: 4
%wejœcie 1: u(k-3)
%wejœcie 2: u(k-4)
%wejœcie 3: y(k-1)
%wejœcie 4: y(k-2)
%uczenie w trybie OE
w10(1,1)=3.8884568297e-001; w1(1,1)=2.8267358102e+000; w1(1,2)=6.4784555583e+000; w1(1,3)=3.8851949012e+001; w1(1,4)=-3.4410672217e+001; 
w10(2,1)=2.1899615062e-001; w1(2,1)=8.9207210555e-003; w1(2,2)=-2.8494482604e-002; w1(2,3)=6.0070747413e-001; w1(2,4)=-8.1631191732e-002; 
w20=-3.9633013099e-001; w2(1)=-3.5313810085e-002; w2(2)=1.8940067030e+000; 

