
%liczba neuronów ukrytych: 5, liczba wejœæ sieci: 4
%wejœcie 1: u(k-3)
%wejœcie 2: u(k-4)
%wejœcie 3: y(k-1)
%wejœcie 4: y(k-2)
%uczenie w trybie OE
w10(1,1)=-6.5147239030e-001; w1(1,1)=1.9195768108e-001; w1(1,2)=-4.9970594904e-001; w1(1,3)=-3.3553454143e-001; w1(1,4)=-6.5799641407e-002; 
w10(2,1)=1.0034570511e+000; w1(2,1)=2.2918692006e-001; w1(2,2)=-3.1711421016e-001; w1(2,3)=7.6136421495e-001; w1(2,4)=-1.1990225469e-001; 
w10(3,1)=5.6289099041e-001; w1(3,1)=5.4533448968e-002; w1(3,2)=-5.6740277610e-002; w1(3,3)=-4.4331648910e-001; w1(3,4)=-1.9320422805e-001; 
w10(4,1)=1.4074777338e-001; w1(4,1)=-2.1796804718e-001; w1(4,2)=1.0633533852e+000; w1(4,3)=1.0910999778e+000; w1(4,4)=-8.7415826682e-001; 
w10(5,1)=-2.5671983732e-001; w1(5,1)=3.0032900268e-001; w1(5,2)=-9.8704228581e-001; w1(5,3)=1.0790723157e-001; w1(5,4)=-2.5860637609e-001; 
w20=-4.2767925311e-001; w2(1)=-9.6695871332e-001; w2(2)=7.3600921104e-001; w2(3)=-1.0770264107e+000; w2(4)=5.3303314304e-001; w2(5)=8.4706195042e-001; 

