
%liczba neuronów ukrytych: 10, liczba wejœæ sieci: 4
%wejœcie 1: u(k-3)
%wejœcie 2: u(k-4)
%wejœcie 3: y(k-1)
%wejœcie 4: y(k-2)
%uczenie w trybie OE
w10(1,1)=-2.0666755294e-001; w1(1,1)=-4.4996982630e-002; w1(1,2)=-1.3512275476e-002; w1(1,3)=-2.3586190022e-001; w1(1,4)=-4.0194619315e-001; 
w10(2,1)=-3.6450062608e-002; w1(2,1)=-5.8062218539e-002; w1(2,2)=1.0245709247e-003; w1(2,3)=-1.2293140510e-001; w1(2,4)=-5.9087817623e-002; 
w10(3,1)=6.1316845354e-002; w1(3,1)=-1.6448720242e-002; w1(3,2)=-8.8346903459e-002; w1(3,3)=2.1938664687e-002; w1(3,4)=-1.2634455429e-002; 
w10(4,1)=-2.7708976863e-002; w1(4,1)=-1.2513293439e-002; w1(4,2)=-3.4394178334e-002; w1(4,3)=1.7814104430e-001; w1(4,4)=2.9324379921e-001; 
w10(5,1)=5.3541548090e-002; w1(5,1)=5.0969926153e-002; w1(5,2)=-1.5743686711e-001; w1(5,3)=-5.2983803861e-003; w1(5,4)=-1.6685353195e-001; 
w10(6,1)=3.6282741285e-001; w1(6,1)=1.2139245661e-001; w1(6,2)=1.3702934508e-001; w1(6,3)=2.9969278222e-001; w1(6,4)=3.2458350508e-001; 
w10(7,1)=4.4661758574e-002; w1(7,1)=-4.1793868139e-002; w1(7,2)=1.5794948222e-001; w1(7,3)=6.9440136213e-002; w1(7,4)=2.7793897944e-001; 
w10(8,1)=-2.0923370382e-002; w1(8,1)=-1.0824953695e-001; w1(8,2)=5.4573598669e-003; w1(8,3)=1.4278367357e-001; w1(8,4)=1.9080680945e-001; 
w10(9,1)=-6.2826747832e-002; w1(9,1)=-3.5485928688e-002; w1(9,2)=3.6338695326e-002; w1(9,3)=1.5568068664e-002; w1(9,4)=-1.1348804201e-001; 
w10(10,1)=-2.4058211231e-002; w1(10,1)=-7.7572203402e-002; w1(10,2)=-1.6893081059e-002; w1(10,3)=5.0789584433e-002; w1(10,4)=-4.9280083735e-002; 
w20=-2.3921655363e-001; w2(1)=-4.5611963035e-001; w2(2)=-9.9972804620e-002; w2(3)=5.0780966414e-003; w2(4)=3.2617759154e-001; w2(5)=-1.7279181813e-001; w2(6)=4.4524498136e-001; w2(7)=2.8466963898e-001; w2(8)=2.5096445536e-001; w2(9)=-8.3523305158e-002; w2(10)=-1.2728435736e-003; 

