
%liczba neuronów ukrytych: 8, liczba wejœæ sieci: 4
%wejœcie 1: u(k-3)
%wejœcie 2: u(k-4)
%wejœcie 3: y(k-1)
%wejœcie 4: y(k-2)
%uczenie w trybie OE
w10(1,1)=-3.7331117280e-001; w1(1,1)=1.8506534211e-001; w1(1,2)=-2.2507806792e-001; w1(1,3)=-3.3773272298e-001; w1(1,4)=-9.1082226544e-001; 
w10(2,1)=-1.0821303496e-001; w1(2,1)=-3.7224734526e-001; w1(2,2)=1.1259750767e+000; w1(2,3)=5.9740259987e-001; w1(2,4)=-1.0556779926e+000; 
w10(3,1)=-2.7417223189e-001; w1(3,1)=-7.8666335022e-002; w1(3,2)=1.0066970176e-001; w1(3,3)=-4.3075980780e-001; w1(3,4)=-1.5345389763e-001; 
w10(4,1)=-5.3065658133e-002; w1(4,1)=5.8324783011e-001; w1(4,2)=-7.9160042683e-001; w1(4,3)=-3.5183494978e-002; w1(4,4)=6.3363139843e-001; 
w10(5,1)=-1.2187050205e-001; w1(5,1)=8.3047800342e-002; w1(5,2)=2.3682889866e-001; w1(5,3)=1.7958220920e-001; w1(5,4)=3.5029674299e-001; 
w10(6,1)=1.8569127534e-001; w1(6,1)=-1.7670655336e-001; w1(6,2)=-2.3444593680e-001; w1(6,3)=1.1262060109e+000; w1(6,4)=-6.4339586911e-001; 
w10(7,1)=1.7823170975e-002; w1(7,1)=-1.5109548742e+000; w1(7,2)=1.7417082088e-001; w1(7,3)=4.0107798099e-001; w1(7,4)=-4.9746798366e-001; 
w10(8,1)=-6.2445510566e-001; w1(8,1)=8.3110640516e-001; w1(8,2)=1.6780523567e+000; w1(8,3)=-3.2701472544e-001; w1(8,4)=-1.1291377901e+000; 
w20=-2.3767168763e-001; w2(1)=2.4173078425e-001; w2(2)=3.5372419284e-001; w2(3)=-1.2248286451e+000; w2(4)=3.3912577458e-001; w2(5)=4.7809807708e-001; w2(6)=5.7070137085e-001; w2(7)=1.1498972914e-001; w2(8)=-6.4582137208e-003; 

