
%liczba neuronów ukrytych: 6, liczba wejœæ sieci: 4
%wejœcie 1: u(k-3)
%wejœcie 2: u(k-4)
%wejœcie 3: y(k-1)
%wejœcie 4: y(k-2)
%uczenie w trybie OE
w10(1,1)=7.6533860842e-001; w1(1,1)=2.9273917972e-002; w1(1,2)=5.2152640281e-002; w1(1,3)=-3.7409080718e-001; w1(1,4)=-3.5121934814e-001; 
w10(2,1)=1.5036895652e+000; w1(2,1)=-4.1735710012e-001; w1(2,2)=2.0702280175e+000; w1(2,3)=-2.3224327722e-001; w1(2,4)=-6.4156845285e-001; 
w10(3,1)=-7.9725734781e-001; w1(3,1)=-1.7171049437e-001; w1(3,2)=4.0097115890e-001; w1(3,3)=-5.0414697311e-001; w1(3,4)=-1.9735760425e-001; 
w10(4,1)=-4.6194776208e-001; w1(4,1)=4.3536229331e-002; w1(4,2)=-2.0024669721e-001; w1(4,3)=-8.3477809953e-001; w1(4,4)=5.2495145060e-001; 
w10(5,1)=8.5090431317e-001; w1(5,1)=2.8025470962e+000; w1(5,2)=4.7667215086e-001; w1(5,3)=4.7496344502e-001; w1(5,4)=-1.9901349504e+000; 
w10(6,1)=1.9634434773e-001; w1(6,1)=7.6959481542e-001; w1(6,2)=1.7070081673e+000; w1(6,3)=-1.7542317774e-002; w1(6,4)=2.7465739833e-001; 
w20=-4.3006865276e-001; w2(1)=-7.9918211612e-001; w2(2)=-5.2110816018e-002; w2(3)=-6.2177241251e-001; w2(4)=-1.3381947829e+000; w2(5)=-5.2062808662e-003; w2(6)=3.1720884607e-002; 

