
%liczba neuronów ukrytych: 4, liczba wejœæ sieci: 4
%wejœcie 1: u(k-3)
%wejœcie 2: u(k-4)
%wejœcie 3: y(k-1)
%wejœcie 4: y(k-2)
%uczenie w trybie OE
w10(1,1)=-8.4509547664e-001; w1(1,1)=-8.2250056288e-002; w1(1,2)=3.1076870502e-002; w1(1,3)=-1.0051487012e+000; w1(1,4)=5.4788812069e-001; 
w10(2,1)=-5.5421629092e-001; w1(2,1)=-2.9185850820e-002; w1(2,2)=2.2483733937e-002; w1(2,3)=4.9019336251e-001; w1(2,4)=-1.0624451223e-001; 
w10(3,1)=2.0756445748e-001; w1(3,1)=8.4803963480e-001; w1(3,2)=1.0621954826e+000; w1(3,3)=1.9035429789e+000; w1(3,4)=-1.7731856472e+000; 
w10(4,1)=1.3435269546e+000; w1(4,1)=1.6467002221e-001; w1(4,2)=-1.7469510709e-002; w1(4,3)=1.4057920380e+000; w1(4,4)=-1.1354614116e+000; 
w20=6.5741649026e-001; w2(1)=-1.7091256012e+000; w2(2)=2.0919220233e+000; w2(3)=3.8174051584e-002; w2(4)=-9.0340468138e-001; 

