
%liczba neuronów ukrytych: 3, liczba wejœæ sieci: 4
%wejœcie 1: u(k-3)
%wejœcie 2: u(k-4)
%wejœcie 3: y(k-1)
%wejœcie 4: y(k-2)
%uczenie w trybie OE
w10(1,1)=-6.7767633583e-001; w1(1,1)=4.2346677902e-002; w1(1,2)=-7.2897334206e-002; w1(1,3)=-2.3213527851e-001; w1(1,4)=-3.8448830310e-001; 
w10(2,1)=7.2125807377e-002; w1(2,1)=1.1406753255e-003; w1(2,2)=-5.4445798025e-001; w1(2,3)=3.7491924809e+000; w1(2,4)=-3.4486116354e+000; 
w10(3,1)=7.5678050194e-001; w1(3,1)=-4.8257702217e-002; w1(3,2)=-9.0461814229e-002; w1(3,3)=-6.4679912798e-002; w1(3,4)=-7.0897991479e-001; 
w20=-1.9111920223e-001; w2(1)=-1.1836063050e+000; w2(2)=3.1989822537e-001; w2(3)=-8.3012331203e-001; 

