
%liczba neuronów ukrytych: 10, liczba wejœæ sieci: 4
%wejœcie 1: u(k-3)
%wejœcie 2: u(k-4)
%wejœcie 3: y(k-1)
%wejœcie 4: y(k-2)
%uczenie w trybie OE
w10(1,1)=1.8331100336e-002; w1(1,1)=-3.3247620764e-001; w1(1,2)=1.4133330220e+000; w1(1,3)=9.7704913109e-001; w1(1,4)=-1.3001877859e+000; 
w10(2,1)=8.6352952999e-002; w1(2,1)=-2.2145619699e-001; w1(2,2)=-9.2590934431e-001; w1(2,3)=2.3937363030e-001; w1(2,4)=-3.8882130922e-002; 
w10(3,1)=6.7634023065e-003; w1(3,1)=9.8109305078e-001; w1(3,2)=-8.7028910718e-001; w1(3,3)=-8.9016770105e-001; w1(3,4)=7.0714280493e-001; 
w10(4,1)=-1.4567796518e-001; w1(4,1)=5.4813556094e-001; w1(4,2)=-7.8664548395e-001; w1(4,3)=2.7584340166e-001; w1(4,4)=4.4461036665e-003; 
w10(5,1)=-7.6604929559e-001; w1(5,1)=3.2632778429e-001; w1(5,2)=-1.0944739673e-001; w1(5,3)=2.4950300170e-002; w1(5,4)=4.5396477732e-001; 
w10(6,1)=5.6751742672e-002; w1(6,1)=1.9692974161e-002; w1(6,2)=-2.3545728503e-001; w1(6,3)=1.0455241261e-001; w1(6,4)=5.9579172007e-002; 
w10(7,1)=-9.8862232951e-002; w1(7,1)=-6.6537782332e-001; w1(7,2)=1.1300409101e+000; w1(7,3)=8.0296792019e-001; w1(7,4)=-6.5349670292e-001; 
w10(8,1)=8.1972644556e-001; w1(8,1)=4.1946574325e-001; w1(8,2)=-4.7185555642e-001; w1(8,3)=-2.4986284746e-001; w1(8,4)=6.0957904185e-001; 
w10(9,1)=2.0382134194e-001; w1(9,1)=-1.1004576954e-001; w1(9,2)=3.0885561090e-001; w1(9,3)=4.1028549772e-001; w1(9,4)=-1.5972098271e-001; 
w10(10,1)=-7.3622398957e-002; w1(10,1)=-3.0190711638e-001; w1(10,2)=2.8658740296e-001; w1(10,3)=5.6756982699e-001; w1(10,4)=-3.4585484510e-001; 
w20=-1.3527122011e-001; w2(1)=2.7091071345e-001; w2(2)=2.8924961182e-001; w2(3)=-2.6118874527e-001; w2(4)=8.2243000085e-001; w2(5)=6.0886756552e-001; w2(6)=3.2177540708e-001; w2(7)=1.6544415097e-001; w2(8)=7.5969066447e-001; w2(9)=7.5401256049e-001; w2(10)=6.4897285911e-001; 

