
%liczba neuronów ukrytych: 2, liczba wejœæ sieci: 4
%wejœcie 1: u(k-3)
%wejœcie 2: u(k-4)
%wejœcie 3: y(k-1)
%wejœcie 4: y(k-2)
%uczenie w trybie OE
w10(1,1)=1.2662877278e-001; w1(1,1)=-2.0257023408e-001; w1(1,2)=-1.3029127111e-001; w1(1,3)=2.2493258301e+000; w1(1,4)=-2.0622110809e+000; 
w10(2,1)=2.5714990245e-001; w1(2,1)=-9.8421560317e-002; w1(2,2)=-2.6791599318e-002; w1(2,3)=8.3588395616e-001; w1(2,4)=-9.4608407164e-001; 
w20=9.8664628063e-001; w2(1)=2.2055424669e+000; w2(2)=-5.0258427834e+000; 

