
%liczba neuronów ukrytych: 3, liczba wejœæ sieci: 4
%wejœcie 1: u(k-3)
%wejœcie 2: u(k-4)
%wejœcie 3: y(k-1)
%wejœcie 4: y(k-2)
%uczenie w trybie OE
w10(1,1)=6.7598837766e-001; w1(1,1)=3.5745865066e-002; w1(1,2)=-4.1784008248e-002; w1(1,3)=6.8725283981e-001; w1(1,4)=-2.0214302859e-001; 
w10(2,1)=-7.1809605580e-001; w1(2,1)=1.0427222478e-001; w1(2,2)=-5.6685329903e-002; w1(2,3)=2.8719602077e-001; w1(2,4)=1.9678638488e-001; 
w10(3,1)=5.3822134656e-002; w1(3,1)=-1.3624592107e+000; w1(3,2)=5.1921056099e-001; w1(3,3)=3.6329144167e+000; w1(3,4)=-3.3033232536e+000; 
w20=3.5250177418e-002; w2(1)=1.4744724405e+000; w2(2)=1.4793798109e+000; w2(3)=1.3454252966e-001; 

