
%liczba neuronów ukrytych: 2, liczba wejœæ sieci: 4
%wejœcie 1: u(k-3)
%wejœcie 2: u(k-4)
%wejœcie 3: y(k-1)
%wejœcie 4: y(k-2)
%uczenie w trybie OE
w10(1,1)=-4.9667483632e-001; w1(1,1)=-1.7066062431e-001; w1(1,2)=-2.8994287697e-001; w1(1,3)=-4.9554782212e+000; w1(1,4)=3.5923941244e+000; 
w10(2,1)=3.7104742567e-001; w1(2,1)=4.7681018447e-002; w1(2,2)=9.5453276238e-002; w1(2,3)=2.4285925166e+000; w1(2,4)=-1.4669012808e+000; 
w20=-3.8187963455e-001; w2(1)=1.4511338923e+000; w2(2)=2.9593709357e+000; 

