
%liczba neuronów ukrytych: 6, liczba wejœæ sieci: 4
%wejœcie 1: u(k-3)
%wejœcie 2: u(k-4)
%wejœcie 3: y(k-1)
%wejœcie 4: y(k-2)
%uczenie w trybie OE
w10(1,1)=-5.2715625976e-002; w1(1,1)=1.2178279798e+000; w1(1,2)=-3.2518548440e-001; w1(1,3)=-1.7300996735e+000; w1(1,4)=1.5423580204e+000; 
w10(2,1)=8.3035493655e-001; w1(2,1)=-5.0826984094e-001; w1(2,2)=4.4436552303e-001; w1(2,3)=-1.9531536251e-001; w1(2,4)=-1.0351799306e+000; 
w10(3,1)=3.2483513283e-001; w1(3,1)=5.2984949848e-002; w1(3,2)=-6.7254588821e-001; w1(3,3)=-6.0492622611e-001; w1(3,4)=6.6602267617e-001; 
w10(4,1)=3.4922512281e-001; w1(4,1)=1.8369704949e-001; w1(4,2)=-1.7249053910e-001; w1(4,3)=2.8029021310e-001; w1(4,4)=1.2177178318e-001; 
w10(5,1)=3.9554152315e-001; w1(5,1)=-3.2390651944e-002; w1(5,2)=1.0545567169e-001; w1(5,3)=3.4842212169e-001; w1(5,4)=8.9407799830e-002; 
w10(6,1)=5.1056891088e-001; w1(6,1)=3.6576864065e-003; w1(6,2)=-3.9459998603e-001; w1(6,3)=1.9541835260e-001; w1(6,4)=3.3136265971e-002; 
w20=-7.1390840247e-001; w2(1)=-2.4188155910e-001; w2(2)=-2.1501275298e-001; w2(3)=-7.0331687690e-001; w2(4)=1.3192376003e+000; w2(5)=4.3629933265e-001; w2(6)=9.8055354842e-001; 

