
%liczba neuronów ukrytych: 10, liczba wejœæ sieci: 4
%wejœcie 1: u(k-3)
%wejœcie 2: u(k-4)
%wejœcie 3: y(k-1)
%wejœcie 4: y(k-2)
%uczenie w trybie OE
w10(1,1)=8.0183111426e-001; w1(1,1)=7.9480633070e-001; w1(1,2)=-1.6056025810e+000; w1(1,3)=-1.1466109548e+000; w1(1,4)=1.4841490386e+000; 
w10(2,1)=-3.7995924702e-001; w1(2,1)=7.9725136617e-002; w1(2,2)=-2.3917469084e-001; w1(2,3)=4.0040271282e-001; w1(2,4)=-3.4699017487e-002; 
w10(3,1)=-9.3286769813e-001; w1(3,1)=7.7695760944e-001; w1(3,2)=-1.0496557293e-001; w1(3,3)=1.5446320392e-001; w1(3,4)=4.0653996747e-001; 
w10(4,1)=-6.2981901498e-001; w1(4,1)=2.1107387705e-001; w1(4,2)=-4.7964690364e-001; w1(4,3)=-3.3441249927e-001; w1(4,4)=-5.0527630159e-003; 
w10(5,1)=1.2379156724e-001; w1(5,1)=4.3698554881e-001; w1(5,2)=1.5426544037e-001; w1(5,3)=-7.7378506554e-002; w1(5,4)=3.7555971082e-001; 
w10(6,1)=-6.5616669895e-001; w1(6,1)=-2.2981570696e-001; w1(6,2)=4.8557199712e-001; w1(6,3)=-7.6093496225e-002; w1(6,4)=-3.2752424339e-001; 
w10(7,1)=-1.0570196576e-001; w1(7,1)=8.3634585663e-001; w1(7,2)=-1.3183951894e-001; w1(7,3)=-1.3023488967e+000; w1(7,4)=1.1775583596e+000; 
w10(8,1)=1.4878080912e-003; w1(8,1)=-2.8974830349e-001; w1(8,2)=1.0662144437e+000; w1(8,3)=1.2310798999e+000; w1(8,4)=-1.4792088188e+000; 
w10(9,1)=2.2717146109e-001; w1(9,1)=4.9287880777e-001; w1(9,2)=-1.6562690334e+000; w1(9,3)=-1.0279173411e+000; w1(9,4)=1.5791525733e+000; 
w10(10,1)=-4.5251990249e-002; w1(10,1)=-2.3194802856e-001; w1(10,2)=7.0778516693e-001; w1(10,3)=3.6397910856e-001; w1(10,4)=-1.0038308636e+000; 
w20=-1.3145525848e-001; w2(1)=-9.6299651378e-003; w2(2)=1.4401891308e+000; w2(3)=3.2495138814e-001; w2(4)=-6.0164591782e-001; w2(5)=3.5137689050e-001; w2(6)=-8.1909823804e-001; w2(7)=-4.8062386164e-001; w2(8)=2.1879748922e-001; w2(9)=-4.3980049795e-003; w2(10)=5.7915301465e-002; 

