
%liczba neuronów ukrytych: 9, liczba wejœæ sieci: 4
%wejœcie 1: u(k-3)
%wejœcie 2: u(k-4)
%wejœcie 3: y(k-1)
%wejœcie 4: y(k-2)
%uczenie w trybie OE
w10(1,1)=1.0261143499e+000; w1(1,1)=-3.7524682789e-001; w1(1,2)=4.3861564758e-001; w1(1,3)=3.9162529629e-002; w1(1,4)=4.9065119220e-001; 
w10(2,1)=-3.3804813095e-001; w1(2,1)=8.1020491000e-002; w1(2,2)=-8.3191137592e-002; w1(2,3)=-3.8968958867e-001; w1(2,4)=8.3071725030e-002; 
w10(3,1)=7.1474400574e-001; w1(3,1)=3.1834936883e-001; w1(3,2)=-3.1507976445e-001; w1(3,3)=-7.5716885291e-002; w1(3,4)=-4.5195766351e-001; 
w10(4,1)=-1.2095109978e+000; w1(4,1)=-6.3441424930e-001; w1(4,2)=-1.8927441376e+000; w1(4,3)=9.7510681498e-001; w1(4,4)=1.0934302420e-001; 
w10(5,1)=-2.6036178887e-001; w1(5,1)=-3.8654170806e-001; w1(5,2)=-1.4278968692e+000; w1(5,3)=2.9145142183e-001; w1(5,4)=-4.1414524018e-001; 
w10(6,1)=-1.0930840992e-002; w1(6,1)=1.3072935072e-001; w1(6,2)=4.7874620987e-001; w1(6,3)=-3.4970294178e-001; w1(6,4)=5.1142422887e-001; 
w10(7,1)=2.5469596093e-001; w1(7,1)=9.3837880302e-001; w1(7,2)=-3.7923238729e-001; w1(7,3)=4.1718078997e-002; w1(7,4)=-8.9144374599e-001; 
w10(8,1)=1.5566855318e-001; w1(8,1)=4.6760766765e-001; w1(8,2)=-4.1470085705e-001; w1(8,3)=1.1711249337e+000; w1(8,4)=-8.4289275816e-001; 
w10(9,1)=2.7779545169e-001; w1(9,1)=7.0613562233e-001; w1(9,2)=-4.0536591558e-001; w1(9,3)=1.4569372798e-001; w1(9,4)=-7.3480847399e-001; 
w20=-2.6426110368e-001; w2(1)=6.5469317691e-001; w2(2)=-5.4276858957e-001; w2(3)=-8.2602105384e-001; w2(4)=1.6532775560e-002; w2(5)=-6.0770197673e-002; w2(6)=-7.6083030329e-002; w2(7)=1.7701510448e-001; w2(8)=9.6940857705e-001; w2(9)=-3.9735228354e-001; 

