
%liczba neuronów ukrytych: 8, liczba wejœæ sieci: 4
%wejœcie 1: u(k-3)
%wejœcie 2: u(k-4)
%wejœcie 3: y(k-1)
%wejœcie 4: y(k-2)
%uczenie w trybie OE
w10(1,1)=4.1820105912e-001; w1(1,1)=2.2175535269e-001; w1(1,2)=9.1511597283e-001; w1(1,3)=-4.3139977645e-001; w1(1,4)=-3.2616844391e-001; 
w10(2,1)=8.0639971739e-001; w1(2,1)=-8.7991960620e-001; w1(2,2)=5.3655070392e-001; w1(2,3)=-5.5979750550e-002; w1(2,4)=-1.3024622699e+000; 
w10(3,1)=1.6198328448e-001; w1(3,1)=2.6695973065e+000; w1(3,2)=8.6597519995e-001; w1(3,3)=8.2403992244e-001; w1(3,4)=9.8226492636e-001; 
w10(4,1)=-9.5181198338e-002; w1(4,1)=-4.6476463510e-001; w1(4,2)=-2.4845468364e+000; w1(4,3)=-1.2026952438e+000; w1(4,4)=-6.7036716375e-002; 
w10(5,1)=-1.7665911970e+000; w1(5,1)=-5.4236081324e-001; w1(5,2)=4.6103154621e-001; w1(5,3)=-8.6293015127e-001; w1(5,4)=-6.4400405375e-001; 
w10(6,1)=2.0243319335e-001; w1(6,1)=2.2620290654e-001; w1(6,2)=-2.8276197100e-002; w1(6,3)=-1.4254121738e+000; w1(6,4)=7.0639970502e-001; 
w10(7,1)=-4.1708024503e-002; w1(7,1)=1.4332239051e+000; w1(7,2)=-9.0101192543e-001; w1(7,3)=-2.2241645858e+000; w1(7,4)=1.8498162078e+000; 
w10(8,1)=-5.2664198792e-001; w1(8,1)=-7.8330774896e-001; w1(8,2)=5.0080755511e-001; w1(8,3)=-4.8067376421e-001; w1(8,4)=-9.9340286233e-001; 
w20=-1.4840718805e-001; w2(1)=9.0161882756e-002; w2(2)=-3.6206900847e-001; w2(3)=3.9748874963e-002; w2(4)=7.5610919831e-002; w2(5)=-3.6422295991e-001; w2(6)=-5.1687276091e-001; w2(7)=-2.3391032688e-001; w2(8)=-2.1822682603e-001; 

