
%liczba neuronów ukrytych: 10, liczba wejœæ sieci: 4
%wejœcie 1: u(k-3)
%wejœcie 2: u(k-4)
%wejœcie 3: y(k-1)
%wejœcie 4: y(k-2)
%uczenie w trybie OE
w10(1,1)=-9.4676783634e-002; w1(1,1)=1.2482180358e-002; w1(1,2)=-9.7410848456e-002; w1(1,3)=-1.7825901582e-001; w1(1,4)=-3.3578697175e-001; 
w10(2,1)=3.0896981085e-002; w1(2,1)=4.3966614157e-002; w1(2,2)=7.8406861556e-002; w1(2,3)=1.6706368555e-001; w1(2,4)=1.3109485601e-001; 
w10(3,1)=2.4147280183e-002; w1(3,1)=2.3979002239e-002; w1(3,2)=4.5721898664e-002; w1(3,3)=-8.9630705453e-004; w1(3,4)=1.4945024351e-001; 
w10(4,1)=-1.3715086076e-002; w1(4,1)=4.7126793695e-002; w1(4,2)=-8.7593469811e-002; w1(4,3)=-1.2430302988e-002; w1(4,4)=1.1391938979e-001; 
w10(5,1)=2.6873265107e-002; w1(5,1)=-2.0233349689e-002; w1(5,2)=5.8437031297e-002; w1(5,3)=1.0286735923e-001; w1(5,4)=6.4089461571e-002; 
w10(6,1)=-3.5570213972e-001; w1(6,1)=3.4860078879e-002; w1(6,2)=-1.4707138570e-001; w1(6,3)=-2.4608691458e-001; w1(6,4)=-4.9490430876e-001; 
w10(7,1)=-3.3217329596e-002; w1(7,1)=2.0419971973e-002; w1(7,2)=5.8507695411e-002; w1(7,3)=-1.2729540083e-001; w1(7,4)=-1.3569606628e-001; 
w10(8,1)=-6.5845736689e-002; w1(8,1)=-3.6494308305e-002; w1(8,2)=-1.3324963885e-001; w1(8,3)=-8.5538960397e-002; w1(8,4)=-2.6092799258e-001; 
w10(9,1)=6.7356751921e-002; w1(9,1)=-5.5908955364e-002; w1(9,2)=1.0070239821e-001; w1(9,3)=1.9697906658e-001; w1(9,4)=1.6743950392e-001; 
w10(10,1)=4.1065401098e-002; w1(10,1)=-1.0663349565e-001; w1(10,2)=-2.9287470375e-003; w1(10,3)=5.1995071811e-002; w1(10,4)=7.6976625977e-002; 
w20=-2.7953569795e-001; w2(1)=-3.7659071845e-001; w2(2)=1.8397103092e-001; w2(3)=1.2045180197e-001; w2(4)=7.2926731157e-002; w2(5)=1.0918116927e-001; w2(6)=-5.7640781853e-001; w2(7)=-1.7138003277e-001; w2(8)=-2.5516214610e-001; w2(9)=2.4623922359e-001; w2(10)=1.0439006219e-001; 

