
%liczba neuronów ukrytych: 10, liczba wejœæ sieci: 4
%wejœcie 1: u(k-3)
%wejœcie 2: u(k-4)
%wejœcie 3: y(k-1)
%wejœcie 4: y(k-2)
%uczenie w trybie OE
w10(1,1)=-7.8367708046e-001; w1(1,1)=3.5946033119e-001; w1(1,2)=-1.9970047722e-001; w1(1,3)=3.0565059878e-001; w1(1,4)=4.3911079064e-001; 
w10(2,1)=6.5930911456e-001; w1(2,1)=2.5453696138e-001; w1(2,2)=-2.1566057326e-001; w1(2,3)=1.0227849351e-001; w1(2,4)=4.1880534832e-001; 
w10(3,1)=-4.8863755184e-001; w1(3,1)=3.0654656705e-003; w1(3,2)=1.6586594262e-002; w1(3,3)=3.5174555720e-001; w1(3,4)=-7.1043463829e-002; 
w10(4,1)=-6.3200734723e-001; w1(4,1)=1.3994589233e+000; w1(4,2)=-1.1086201514e+000; w1(4,3)=-9.7308847885e-001; w1(4,4)=1.2873289180e+000; 
w10(5,1)=2.2024192604e-001; w1(5,1)=4.3217822510e-001; w1(5,2)=1.0875895233e+000; w1(5,3)=2.1395499039e-001; w1(5,4)=-1.8642173352e-001; 
w10(6,1)=4.4887161902e-002; w1(6,1)=-2.4306179315e-002; w1(6,2)=6.0596748740e-001; w1(6,3)=4.1521251193e-001; w1(6,4)=-2.4822258322e-001; 
w10(7,1)=2.1480645354e-001; w1(7,1)=-2.6820786153e-001; w1(7,2)=8.1888738286e-002; w1(7,3)=7.8096513839e-001; w1(7,4)=-6.5879026076e-001; 
w10(8,1)=-4.5552336547e-001; w1(8,1)=-6.5947446979e-001; w1(8,2)=-8.1951301771e-002; w1(8,3)=5.9723078626e-001; w1(8,4)=-4.0814858553e-001; 
w10(9,1)=-4.3460463609e-001; w1(9,1)=-7.0057561635e-001; w1(9,2)=-8.8751773934e-001; w1(9,3)=-3.6989878691e-001; w1(9,4)=5.8369849252e-001; 
w10(10,1)=-8.2171783342e-002; w1(10,1)=-3.9797653130e-001; w1(10,2)=-1.5998819711e+000; w1(10,3)=-2.7138997923e-001; w1(10,4)=1.4660748531e+000; 
w20=-2.0254952368e-001; w2(1)=6.3557648306e-001; w2(2)=1.1190767223e+000; w2(3)=4.9096590818e-001; w2(4)=1.4659508216e-002; w2(5)=-2.2018934793e-001; w2(6)=3.4172790538e-001; w2(7)=1.0832870279e+000; w2(8)=1.5015831818e-001; w2(9)=-1.7196233263e-001; w2(10)=5.7772992130e-003; 

