
%liczba neuronów ukrytych: 5, liczba wejœæ sieci: 4
%wejœcie 1: u(k-3)
%wejœcie 2: u(k-4)
%wejœcie 3: y(k-1)
%wejœcie 4: y(k-2)
%uczenie w trybie OE
w10(1,1)=7.9755882262e-001; w1(1,1)=4.6385555776e-001; w1(1,2)=-3.6088353760e-001; w1(1,3)=7.5981381047e-002; w1(1,4)=4.3451157265e-001; 
w10(2,1)=4.2766824937e-002; w1(2,1)=-1.7970890232e-001; w1(2,2)=1.4528982556e+000; w1(2,3)=1.0127151166e+000; w1(2,4)=-1.1632985101e+000; 
w10(3,1)=-6.1182394800e-001; w1(3,1)=6.5086142918e-001; w1(3,2)=-4.4448228012e-001; w1(3,3)=-1.8399998483e-001; w1(3,4)=7.9532865802e-001; 
w10(4,1)=-6.3286946468e-003; w1(4,1)=1.2192444803e-001; w1(4,2)=-1.5207596511e+000; w1(4,3)=-5.7524877418e-001; w1(4,4)=6.0925119090e-001; 
w10(5,1)=-4.4903511340e-002; w1(5,1)=7.9308245604e-001; w1(5,2)=-4.6620494939e-001; w1(5,3)=-1.2677187510e+000; w1(5,4)=9.0624795946e-001; 
w20=-3.2374432680e-001; w2(1)=1.0996356976e+000; w2(2)=4.4394473798e-001; w2(3)=8.4584181149e-001; w2(4)=3.9755360086e-001; w2(5)=-8.8746769625e-001; 

