
%liczba neuronów ukrytych: 9, liczba wejœæ sieci: 4
%wejœcie 1: u(k-3)
%wejœcie 2: u(k-4)
%wejœcie 3: y(k-1)
%wejœcie 4: y(k-2)
%uczenie w trybie OE
w10(1,1)=5.6178506615e-002; w1(1,1)=2.4329674279e-001; w1(1,2)=9.8758528600e-001; w1(1,3)=8.7057238661e-002; w1(1,4)=-8.8108886187e-002; 
w10(2,1)=2.1780946526e-003; w1(2,1)=-9.9976184251e-003; w1(2,2)=2.2757633486e-002; w1(2,3)=-6.2987400563e-001; w1(2,4)=4.0919248811e-001; 
w10(3,1)=6.1550838507e-001; w1(3,1)=-6.0851241430e-001; w1(3,2)=6.2008104785e-001; w1(3,3)=-1.8032968531e-001; w1(3,4)=-4.5149199544e-001; 
w10(4,1)=-1.1366188959e-001; w1(4,1)=4.0153373580e-001; w1(4,2)=-6.4405284173e-001; w1(4,3)=-5.3631718656e-001; w1(4,4)=3.3704078088e-001; 
w10(5,1)=2.5007357971e-001; w1(5,1)=3.6623547291e-001; w1(5,2)=3.5865699242e-001; w1(5,3)=-4.1297743408e-001; w1(5,4)=9.7563903546e-002; 
w10(6,1)=-1.1215233538e-001; w1(6,1)=-1.3589308751e-001; w1(6,2)=9.6851047817e-001; w1(6,3)=5.7033949577e-001; w1(6,4)=-6.3199568939e-001; 
w10(7,1)=8.2301691282e-001; w1(7,1)=4.0396424221e-001; w1(7,2)=-5.5439418879e-001; w1(7,3)=5.2047743206e-002; w1(7,4)=4.3444990554e-001; 
w10(8,1)=3.2416661564e-001; w1(8,1)=6.7774159433e-001; w1(8,2)=4.3778756419e-001; w1(8,3)=-2.6295507880e-001; w1(8,4)=-2.2055224379e-002; 
w10(9,1)=8.2507891529e-002; w1(9,1)=9.5574583549e-001; w1(9,2)=-4.0299719266e-001; w1(9,3)=-1.0765458470e+000; w1(9,4)=7.9677321803e-001; 
w20=-3.2364518166e-001; w2(1)=-2.7421652014e-001; w2(2)=-6.7134212079e-001; w2(3)=-7.1842528559e-001; w2(4)=-6.7865301071e-001; w2(5)=-3.3747412771e-001; w2(6)=3.5378735775e-001; w2(7)=1.0463375986e+000; w2(8)=3.0830236237e-001; w2(9)=-3.0537756495e-001; 

