
%liczba neuronów ukrytych: 2, liczba wejœæ sieci: 4
%wejœcie 1: u(k-3)
%wejœcie 2: u(k-4)
%wejœcie 3: y(k-1)
%wejœcie 4: y(k-2)
%uczenie w trybie OE
w10(1,1)=2.9288615416e-001; w1(1,1)=-5.8908609766e-001; w1(1,2)=6.5367120280e+000; w1(1,3)=1.7107213555e+001; w1(1,4)=-1.4587738044e+001; 
w10(2,1)=2.3739988877e-001; w1(2,1)=-9.9473397169e-003; w1(2,2)=-1.3030468941e-002; w1(2,3)=5.3580115110e-001; w1(2,4)=1.5303625161e-002; 
w20=-3.9935542600e-001; w2(1)=-4.6525592072e-002; w2(2)=1.7710607559e+000; 

