
%liczba neuronów ukrytych: 3, liczba wejœæ sieci: 4
%wejœcie 1: u(k-3)
%wejœcie 2: u(k-4)
%wejœcie 3: y(k-1)
%wejœcie 4: y(k-2)
%uczenie w trybie OE
w10(1,1)=-4.2783542097e-001; w1(1,1)=8.5846925737e-001; w1(1,2)=1.5639507752e+000; w1(1,3)=1.6627171288e+000; w1(1,4)=-1.3848956492e+000; 
w10(2,1)=6.0234910488e-002; w1(2,1)=4.7710085483e-002; w1(2,2)=-4.3094941621e-002; w1(2,3)=-1.1603989802e-001; w1(2,4)=3.7925739987e-001; 
w10(3,1)=5.7362662929e-001; w1(3,1)=5.2699379827e-001; w1(3,2)=-4.6230039208e-001; w1(3,3)=-5.3995626550e+000; w1(3,4)=5.4422472735e+000; 
w20=-6.8242553080e-002; w2(1)=-7.3934105442e-002; w2(2)=3.5996466152e+000; w2(3)=-3.4287937210e-001; 

