
%liczba neuronów ukrytych: 5, liczba wejœæ sieci: 4
%wejœcie 1: u(k-3)
%wejœcie 2: u(k-4)
%wejœcie 3: y(k-1)
%wejœcie 4: y(k-2)
%uczenie w trybie OE
w10(1,1)=3.8491327925e-001; w1(1,1)=2.6291903884e-001; w1(1,2)=-1.8844907555e-001; w1(1,3)=1.4439649735e-001; w1(1,4)=1.4953253575e-001; 
w10(2,1)=-4.9242355210e-001; w1(2,1)=-1.7937364435e-001; w1(2,2)=1.1238875332e-001; w1(2,3)=9.5176545724e-001; w1(2,4)=-4.8655005526e-001; 
w10(3,1)=-1.0848487622e+000; w1(3,1)=-1.4944373081e-002; w1(3,2)=8.2915226462e-001; w1(3,3)=-6.8527711515e-002; w1(3,4)=-2.0320142312e-001; 
w10(4,1)=-1.5331383753e+000; w1(4,1)=-1.4110810224e-001; w1(4,2)=1.4743322334e+000; w1(4,3)=-8.8043364146e-001; w1(4,4)=6.2443114866e-001; 
w10(5,1)=-7.3280728802e-001; w1(5,1)=-3.6410341201e-001; w1(5,2)=1.0856481422e+000; w1(5,3)=7.8164842680e-001; w1(5,4)=-8.7167233494e-001; 
w20=-3.1186947583e-001; w2(1)=1.4047556795e+000; w2(2)=1.3329539721e+000; w2(3)=-1.7252074583e+000; w2(4)=6.1710671600e-001; w2(5)=6.4806719355e-001; 

