
%liczba neuronów ukrytych: 3, liczba wejœæ sieci: 4
%wejœcie 1: u(k-3)
%wejœcie 2: u(k-4)
%wejœcie 3: y(k-1)
%wejœcie 4: y(k-2)
%uczenie w trybie OE
w10(1,1)=-1.9061478243e-001; w1(1,1)=-9.5428882018e-002; w1(1,2)=7.5483500052e-002; w1(1,3)=-6.2537191738e-002; w1(1,4)=-2.2613658678e-001; 
w10(2,1)=-1.4732216584e-001; w1(2,1)=3.7196960497e-004; w1(2,2)=6.0160075476e-001; w1(2,3)=-2.8305221341e+000; w1(2,4)=2.6095752650e+000; 
w10(3,1)=-6.5502381865e-001; w1(3,1)=-3.3101587333e-001; w1(3,2)=5.6386852889e-001; w1(3,3)=-8.5254305140e-001; w1(3,4)=1.1823148238e+000; 
w20=1.9786540443e-004; w2(1)=-2.2549615381e+000; w2(2)=-5.1207364503e-001; w2(3)=8.6871281825e-001; 

