
%liczba neuronów ukrytych: 2, liczba wejœæ sieci: 4
%wejœcie 1: u(k-3)
%wejœcie 2: u(k-4)
%wejœcie 3: y(k-1)
%wejœcie 4: y(k-2)
%uczenie w trybie OE
w10(1,1)=-2.6692096365e-001; w1(1,1)=8.1802704609e-002; w1(1,2)=4.4441004012e-002; w1(1,3)=-7.7289355546e-001; w1(1,4)=8.7669496764e-001; 
w10(2,1)=-1.2289233435e-001; w1(2,1)=1.6942637269e-001; w1(2,2)=1.6345103314e-001; w1(2,3)=-2.0974200214e+000; w1(2,4)=1.9258502827e+000; 
w20=1.1286245757e+000; w2(1)=5.4357977293e+000; w2(2)=-2.3571061978e+000; 

