
%liczba neuronów ukrytych: 4, liczba wejœæ sieci: 4
%wejœcie 1: u(k-3)
%wejœcie 2: u(k-4)
%wejœcie 3: y(k-1)
%wejœcie 4: y(k-2)
%uczenie w trybie OE
w10(1,1)=4.1867354141e-001; w1(1,1)=-4.1890515032e-002; w1(1,2)=-5.2405649311e-003; w1(1,3)=-8.0941966568e-001; w1(1,4)=-5.0602069112e-002; 
w10(2,1)=-7.3726431137e-001; w1(2,1)=6.2220321599e-002; w1(2,2)=1.4542202096e+000; w1(2,3)=3.0548893786e-002; w1(2,4)=-8.2253520004e-002; 
w10(3,1)=-3.9729739469e-001; w1(3,1)=2.6324482971e-001; w1(3,2)=7.9867591612e-001; w1(3,3)=-2.0714134298e+000; w1(3,4)=1.8241102524e+000; 
w10(4,1)=1.0515646764e+000; w1(4,1)=1.3190410259e-002; w1(4,2)=-5.2612869004e-002; w1(4,3)=9.9687665179e-001; w1(4,4)=-1.2270032114e-001; 
w20=-3.0453116129e-001; w2(1)=-8.7005512788e-001; w2(2)=1.2278816062e-001; w2(3)=-2.4203280551e-001; w2(4)=8.1091425128e-001; 

