
%liczba neuronów ukrytych: 6, liczba wejœæ sieci: 4
%wejœcie 1: u(k-3)
%wejœcie 2: u(k-4)
%wejœcie 3: y(k-1)
%wejœcie 4: y(k-2)
%uczenie w trybie OE
w10(1,1)=3.3837802056e-001; w1(1,1)=-2.6425934435e-001; w1(1,2)=1.1316420385e+000; w1(1,3)=7.5604931339e-001; w1(1,4)=-1.0222250817e+000; 
w10(2,1)=-1.0752454802e+000; w1(2,1)=-2.7770727474e-001; w1(2,2)=2.9483905056e-001; w1(2,3)=3.1383392350e-001; w1(2,4)=-1.0209406404e+000; 
w10(3,1)=2.7555531973e-001; w1(3,1)=-2.0022710831e-001; w1(3,2)=1.4355731619e-001; w1(3,3)=1.1041251362e+000; w1(3,4)=-7.6807578337e-001; 
w10(4,1)=7.3607956986e-002; w1(4,1)=-1.6491562689e-002; w1(4,2)=-1.5774353675e+000; w1(4,3)=-1.6936609667e-001; w1(4,4)=1.6930874680e-001; 
w10(5,1)=5.1687731129e-001; w1(5,1)=-2.3856453755e-001; w1(5,2)=2.5759967687e-001; w1(5,3)=2.8557212082e-002; w1(5,4)=-6.1040781413e-001; 
w10(6,1)=-6.2572237781e-001; w1(6,1)=5.1979480118e-001; w1(6,2)=6.0530718402e-001; w1(6,3)=2.7997133968e-001; w1(6,4)=5.1407760766e-002; 
w20=-3.0196209792e-001; w2(1)=1.2211784200e-001; w2(2)=-4.9050142061e-001; w2(3)=1.3143321844e+000; w2(4)=9.5285302711e-002; w2(5)=-9.4043081588e-001; w2(6)=7.1179705441e-002; 

