
%liczba neuronów ukrytych: 5, liczba wejœæ sieci: 4
%wejœcie 1: u(k-3)
%wejœcie 2: u(k-4)
%wejœcie 3: y(k-1)
%wejœcie 4: y(k-2)
%uczenie w trybie OE
w10(1,1)=-3.1347999845e-001; w1(1,1)=1.6981846600e-001; w1(1,2)=-9.5868374487e-002; w1(1,3)=-3.0875369125e-001; w1(1,4)=6.8767025277e-001; 
w10(2,1)=2.9262489212e-001; w1(2,1)=-8.8051920729e-002; w1(2,2)=-2.2743530194e-002; w1(2,3)=1.3235456521e+000; w1(2,4)=-7.0436821486e-001; 
w10(3,1)=4.2025274000e-001; w1(3,1)=-7.8893145895e-002; w1(3,2)=-6.9145337149e-002; w1(3,3)=-6.0391240886e-001; w1(3,4)=1.5627743349e+000; 
w10(4,1)=3.4280896658e-001; w1(4,1)=-2.9675091560e-002; w1(4,2)=1.5631544953e-002; w1(4,3)=6.5407723657e-002; w1(4,4)=5.1435370389e-001; 
w10(5,1)=-2.5370491420e-002; w1(5,1)=1.8297956299e+000; w1(5,2)=5.8331325433e-003; w1(5,3)=-9.5174265800e-001; w1(5,4)=1.1134986283e+000; 
w20=-1.5216884124e-001; w2(1)=8.3258739086e-001; w2(2)=9.6099930451e-001; w2(3)=-4.4222521486e-001; w2(4)=9.2673884371e-001; w2(5)=-5.3085928116e-002; 

