
%liczba neuronów ukrytych: 9, liczba wejœæ sieci: 4
%wejœcie 1: u(k-3)
%wejœcie 2: u(k-4)
%wejœcie 3: y(k-1)
%wejœcie 4: y(k-2)
%uczenie w trybie OE
w10(1,1)=-3.7259139828e-001; w1(1,1)=-3.8773151425e-001; w1(1,2)=3.8252378397e-001; w1(1,3)=-1.3589050426e+000; w1(1,4)=9.6019152284e-001; 
w10(2,1)=2.3327522260e-002; w1(2,1)=3.0861748890e-001; w1(2,2)=1.7281157556e+000; w1(2,3)=-5.8441109135e-001; w1(2,4)=6.0220037634e-001; 
w10(3,1)=-8.6827331360e-001; w1(3,1)=1.7992755678e-001; w1(3,2)=-2.0933164815e-001; w1(3,3)=-6.0849489181e-001; w1(3,4)=8.9489064066e-002; 
w10(4,1)=2.2821481090e-001; w1(4,1)=9.8226821169e-001; w1(4,2)=3.2086276927e-001; w1(4,3)=8.7638101916e-001; w1(4,4)=-1.9085467500e-001; 
w10(5,1)=7.5414561429e-001; w1(5,1)=2.0297310982e-001; w1(5,2)=-2.3343345282e-001; w1(5,3)=-2.4170574825e-001; w1(5,4)=-6.3506734817e-001; 
w10(6,1)=-1.3473973890e-001; w1(6,1)=1.3815190566e-001; w1(6,2)=-3.1268145268e-001; w1(6,3)=-1.8134670663e-001; w1(6,4)=-8.9767178129e-002; 
w10(7,1)=3.9530837363e-003; w1(7,1)=2.2631479120e-001; w1(7,2)=1.9256181155e+000; w1(7,3)=-1.3825303127e-001; w1(7,4)=5.3616320245e-002; 
w10(8,1)=-4.3478580707e-001; w1(8,1)=3.9980668408e-001; w1(8,2)=-2.1867488958e-001; w1(8,3)=3.5608639636e-001; w1(8,4)=-9.2194799866e-001; 
w10(9,1)=-1.5763063911e+000; w1(9,1)=-1.1283035943e+000; w1(9,2)=5.3236411911e-001; w1(9,3)=-1.6447192039e-001; w1(9,4)=1.2239804726e+000; 
w20=-5.7806782643e-001; w2(1)=-8.2044855724e-001; w2(2)=-1.4377415468e-001; w2(3)=-7.8191297303e-001; w2(4)=5.7446954528e-002; w2(5)=-4.2372989690e-001; w2(6)=-1.9909563508e-001; w2(7)=1.4541269290e-001; w2(8)=-2.8119067601e-001; w2(9)=1.5645665638e-001; 

