
%liczba neuronów ukrytych: 2, liczba wejœæ sieci: 4
%wejœcie 1: u(k-3)
%wejœcie 2: u(k-4)
%wejœcie 3: y(k-1)
%wejœcie 4: y(k-2)
%uczenie w trybie OE
w10(1,1)=2.2938812621e-001; w1(1,1)=1.5979054042e-002; w1(1,2)=-3.6493477111e-002; w1(1,3)=5.7011097792e-001; w1(1,4)=-3.0022784841e-002; 
w10(2,1)=-3.0708533090e-001; w1(2,1)=-2.3803322698e+000; w1(2,2)=-5.1000863649e+000; w1(2,3)=-2.8046888420e+001; w1(2,4)=2.4667291442e+001; 
w20=-3.9641239330e-001; w2(1)=1.8138359639e+000; w2(2)=4.2494798969e-002; 

