
%liczba neuronów ukrytych: 9, liczba wejœæ sieci: 4
%wejœcie 1: u(k-3)
%wejœcie 2: u(k-4)
%wejœcie 3: y(k-1)
%wejœcie 4: y(k-2)
%uczenie w trybie OE
w10(1,1)=2.0113461205e-001; w1(1,1)=-6.7733745210e-001; w1(1,2)=4.7843914880e-001; w1(1,3)=1.2255610907e+000; w1(1,4)=-9.3340986579e-001; 
w10(2,1)=-3.4641656862e-002; w1(2,1)=7.3795949019e-002; w1(2,2)=9.3531309022e-001; w1(2,3)=3.5477558522e-002; w1(2,4)=-5.7816746177e-002; 
w10(3,1)=-2.6997763530e-001; w1(3,1)=5.8532877299e-001; w1(3,2)=-1.7365449338e+000; w1(3,3)=-6.5721914183e-001; w1(3,4)=7.9033676901e-001; 
w10(4,1)=3.8833134689e-001; w1(4,1)=-6.0753805695e-001; w1(4,2)=-3.5874133578e-001; w1(4,3)=-5.3024719983e-001; w1(4,4)=5.4741516892e-001; 
w10(5,1)=9.1044262501e-001; w1(5,1)=-8.7641093679e-001; w1(5,2)=8.6415068255e-001; w1(5,3)=1.1145057742e-001; w1(5,4)=-1.0875125988e+000; 
w10(6,1)=-1.4954220607e-001; w1(6,1)=7.3611476402e-001; w1(6,2)=-1.0778073880e+000; w1(6,3)=-1.0845463755e+000; w1(6,4)=7.8542471178e-001; 
w10(7,1)=5.3695815608e-001; w1(7,1)=-7.0940706287e-001; w1(7,2)=5.9691178804e-001; w1(7,3)=8.1138523366e-001; w1(7,4)=-8.9889825566e-001; 
w10(8,1)=2.6559702435e-001; w1(8,1)=-7.5761108992e-001; w1(8,2)=8.1629465728e-001; w1(8,3)=-2.1286997304e-001; w1(8,4)=-2.6920655378e-001; 
w10(9,1)=-7.6713614018e-001; w1(9,1)=-5.1800574403e-001; w1(9,2)=6.3399225801e-001; w1(9,3)=6.1110068624e-001; w1(9,4)=-1.0409966151e+000; 
w20=-2.4413049108e-001; w2(1)=9.6730710845e-001; w2(2)=-5.8806941469e-001; w2(3)=-2.6299928659e-001; w2(4)=-3.4861556928e-001; w2(5)=-2.2079401959e-001; w2(6)=-5.1343548777e-001; w2(7)=-5.0415211807e-001; w2(8)=-4.7292777593e-001; w2(9)=-8.4381806463e-001; 

