
%liczba neuronów ukrytych: 9, liczba wejœæ sieci: 4
%wejœcie 1: u(k-3)
%wejœcie 2: u(k-4)
%wejœcie 3: y(k-1)
%wejœcie 4: y(k-2)
%uczenie w trybie ARX
w10(1,1)=2.1700920883e-001; w1(1,1)=-2.6112230079e-001; w1(1,2)=1.2268475336e-001; w1(1,3)=2.4330311339e-001; w1(1,4)=4.7847732351e-001; 
w10(2,1)=-1.3559136516e-003; w1(2,1)=9.3772242790e-003; w1(2,2)=1.9074642362e-002; w1(2,3)=-2.4579761814e-001; w1(2,4)=-9.3506858390e-003; 
w10(3,1)=-1.9830103750e-001; w1(3,1)=-5.2272947973e-001; w1(3,2)=-5.1150053569e-001; w1(3,3)=5.7682294351e-002; w1(3,4)=2.9190376363e-001; 
w10(4,1)=-1.0970807352e-001; w1(4,1)=4.9811494078e-002; w1(4,2)=1.2110155985e-001; w1(4,3)=-4.2470124817e-001; w1(4,4)=1.7101850194e-001; 
w10(5,1)=5.6217457555e-001; w1(5,1)=-3.1306205384e-002; w1(5,2)=1.7433998429e-001; w1(5,3)=4.7782654831e-001; w1(5,4)=3.1025037864e-002; 
w10(6,1)=-5.9636329808e-001; w1(6,1)=5.8771220596e-002; w1(6,2)=2.1140013885e-001; w1(6,3)=6.8687412680e-001; w1(6,4)=-2.3203826406e-001; 
w10(7,1)=-4.8788713128e-002; w1(7,1)=-2.5635692591e-002; w1(7,2)=-9.0060946700e-002; w1(7,3)=1.4774700238e-001; w1(7,4)=1.1145492012e-001; 
w10(8,1)=8.1631529760e-002; w1(8,1)=6.5661964096e-001; w1(8,2)=6.9378214132e-001; w1(8,3)=-4.3940052447e-001; w1(8,4)=2.8660338412e-001; 
w10(9,1)=1.0170881821e-001; w1(9,1)=1.7529413254e-001; w1(9,2)=2.4060051933e-001; w1(9,3)=-4.4645116515e-001; w1(9,4)=4.0761448321e-002; 
w20=8.0982483827e-002; w2(1)=-2.5252681951e-001; w2(2)=-5.2860976766e-001; w2(3)=-3.1831633241e-001; w2(4)=-8.7910191706e-001; w2(5)=7.4228300363e-001; w2(6)=9.0161935156e-001; w2(7)=2.7575059931e-001; w2(8)=-1.9140581763e-001; w2(9)=-5.3052845196e-001; 

