
%liczba neuronów ukrytych: 5, liczba wejœæ sieci: 4
%wejœcie 1: u(k-3)
%wejœcie 2: u(k-4)
%wejœcie 3: y(k-1)
%wejœcie 4: y(k-2)
%uczenie w trybie OE
w10(1,1)=2.5515595735e-001; w1(1,1)=-1.8443091003e-002; w1(1,2)=1.9291156232e-002; w1(1,3)=-4.9746952730e-001; w1(1,4)=1.6140183908e-001; 
w10(2,1)=-4.2216154735e-001; w1(2,1)=1.3519716320e+000; w1(2,2)=5.1040563276e-001; w1(2,3)=-6.4384683489e-001; w1(2,4)=4.5914419777e-001; 
w10(3,1)=-1.7710939393e-002; w1(3,1)=-2.8639320503e-001; w1(3,2)=1.6004049072e+000; w1(3,3)=8.0713873975e-001; w1(3,4)=-4.9156997766e-001; 
w10(4,1)=1.2624862354e+000; w1(4,1)=3.2119327775e-002; w1(4,2)=-2.7577028464e-001; w1(4,3)=5.0209573263e-001; w1(4,4)=2.2111856096e-001; 
w10(5,1)=-9.0337748503e-002; w1(5,1)=4.1538649414e-001; w1(5,2)=-1.9299603505e+000; w1(5,3)=-1.3965543433e+000; w1(5,4)=9.6554937129e-001; 
w20=3.4088796602e-001; w2(1)=-2.7234230928e+000; w2(2)=-8.0812781575e-002; w2(3)=4.4609317099e-001; w2(4)=4.0771085557e-001; w2(5)=3.5322900307e-001; 

