
%liczba neuronów ukrytych: 7, liczba wejœæ sieci: 4
%wejœcie 1: u(k-3)
%wejœcie 2: u(k-4)
%wejœcie 3: y(k-1)
%wejœcie 4: y(k-2)
%uczenie w trybie OE
w10(1,1)=-7.4909339109e-001; w1(1,1)=-5.2465879291e-001; w1(1,2)=-5.5217499097e-002; w1(1,3)=-5.9641833105e-002; w1(1,4)=2.2787156432e-001; 
w10(2,1)=-1.0242911226e+000; w1(2,1)=-7.6829347739e-001; w1(2,2)=-9.0404873203e-001; w1(2,3)=8.8531823731e-001; w1(2,4)=-1.8616977911e-001; 
w10(3,1)=6.9918398699e-001; w1(3,1)=-2.4537422913e-001; w1(3,2)=3.0211673862e-002; w1(3,3)=5.1031365059e-001; w1(3,4)=1.7123477745e-001; 
w10(4,1)=1.1885664062e+000; w1(4,1)=8.5656390416e-001; w1(4,2)=1.4983935031e+000; w1(4,3)=-9.9243093980e-001; w1(4,4)=2.0230322922e-001; 
w10(5,1)=-2.9412441365e-001; w1(5,1)=-3.8546440187e-001; w1(5,2)=3.0881815096e-002; w1(5,3)=-1.5678942056e+000; w1(5,4)=1.1522949579e+000; 
w10(6,1)=1.2881201263e+000; w1(6,1)=9.4410801233e-001; w1(6,2)=1.6108824945e+000; w1(6,3)=-2.5866638215e-001; w1(6,4)=-5.3566248670e-001; 
w10(7,1)=8.1943021345e-001; w1(7,1)=2.6854367395e-001; w1(7,2)=-1.7895233069e-001; w1(7,3)=-3.5303275316e-001; w1(7,4)=-6.2075775557e-001; 
w20=-4.3674307941e-001; w2(1)=-3.0905548094e-001; w2(2)=6.2787876209e-001; w2(3)=9.2344824639e-001; w2(4)=1.2113149720e+000; w2(5)=-6.6174013365e-001; w2(6)=-7.9146701894e-001; w2(7)=-5.1550767827e-001; 

