
%liczba neuronów ukrytych: 9, liczba wejœæ sieci: 4
%wejœcie 1: u(k-3)
%wejœcie 2: u(k-4)
%wejœcie 3: y(k-1)
%wejœcie 4: y(k-2)
%uczenie w trybie OE
w10(1,1)=-7.4999914748e-001; w1(1,1)=-2.6001930602e-001; w1(1,2)=1.8515963809e-001; w1(1,3)=3.1452220167e-002; w1(1,4)=8.1606696364e-001; 
w10(2,1)=-4.6364336862e-001; w1(2,1)=-3.4868362126e-001; w1(2,2)=3.5045183758e-001; w1(2,3)=-3.0805626383e-002; w1(2,4)=6.9967701773e-001; 
w10(3,1)=-3.5377906528e-001; w1(3,1)=-1.0042207598e+000; w1(3,2)=-8.4229648668e-001; w1(3,3)=-2.4487872367e-001; w1(3,4)=2.5773640946e-001; 
w10(4,1)=-4.1718825119e-001; w1(4,1)=-9.8861570681e-001; w1(4,2)=-8.5079854403e-001; w1(4,3)=3.3029482572e-001; w1(4,4)=-2.2430728181e-001; 
w10(5,1)=4.1331804695e-001; w1(5,1)=-4.0956180194e-002; w1(5,2)=-1.3051872755e-001; w1(5,3)=-7.8008187733e-001; w1(5,4)=4.3373169432e-001; 
w10(6,1)=-8.4165524795e-001; w1(6,1)=1.2407346154e-001; w1(6,2)=-6.5839803727e-001; w1(6,3)=-1.6479986908e-001; w1(6,4)=-1.1228997927e-001; 
w10(7,1)=1.1291359538e+000; w1(7,1)=-1.7962692758e-002; w1(7,2)=5.2244090488e-001; w1(7,3)=-4.6745179570e-001; w1(7,4)=1.0513316275e-001; 
w10(8,1)=4.1813654531e-001; w1(8,1)=3.2612287618e-001; w1(8,2)=-4.6935302619e-001; w1(8,3)=1.7733017717e-002; w1(8,4)=-4.8363062332e-001; 
w10(9,1)=-7.8014649846e-001; w1(9,1)=-1.4821504501e-001; w1(9,2)=4.3489934222e-001; w1(9,3)=-1.0194034956e+000; w1(9,4)=3.2738306537e-001; 
w20=3.8096849962e-001; w2(1)=3.0074435269e-001; w2(2)=3.9210488577e-002; w2(3)=-2.3081557746e-001; w2(4)=1.9732649903e-001; w2(5)=-8.8346950206e-001; w2(6)=-6.0810294589e-001; w2(7)=-8.6195726741e-001; w2(8)=-4.0863156656e-002; w2(9)=-7.1919490303e-001; 

