
%liczba neuronów ukrytych: 8, liczba wejœæ sieci: 4
%wejœcie 1: u(k-3)
%wejœcie 2: u(k-4)
%wejœcie 3: y(k-1)
%wejœcie 4: y(k-2)
%uczenie w trybie OE
w10(1,1)=-3.6675077375e-001; w1(1,1)=3.9091968459e-001; w1(1,2)=1.4504239189e+000; w1(1,3)=7.1719232016e-001; w1(1,4)=-1.0580419957e+000; 
w10(2,1)=-5.2033372633e-001; w1(2,1)=-1.3634024083e+000; w1(2,2)=7.5203901026e-001; w1(2,3)=7.9620483782e-001; w1(2,4)=-1.1581336238e+000; 
w10(3,1)=-1.2844332040e+000; w1(3,1)=-1.7642821308e-001; w1(3,2)=4.1293222045e-001; w1(3,3)=-2.6833290761e-001; w1(3,4)=-5.4341469928e-001; 
w10(4,1)=2.0011937687e-001; w1(4,1)=-4.8841935054e-001; w1(4,2)=5.4646193816e-001; w1(4,3)=8.7942887683e-001; w1(4,4)=-5.8150056689e-001; 
w10(5,1)=8.9026589635e-001; w1(5,1)=-4.0122837701e-001; w1(5,2)=3.5431722943e-001; w1(5,3)=-4.3087767769e-001; w1(5,4)=-4.1757809645e-001; 
w10(6,1)=1.6886761849e-001; w1(6,1)=-8.8467555159e-002; w1(6,2)=-1.0271066043e-002; w1(6,3)=1.2557172178e+000; w1(6,4)=-5.1855080965e-001; 
w10(7,1)=5.0188471026e-001; w1(7,1)=1.0136510933e+000; w1(7,2)=-6.1023366188e-001; w1(7,3)=-2.0678047351e-001; w1(7,4)=6.6458740454e-001; 
w10(8,1)=-3.5838618549e-001; w1(8,1)=3.9026752051e-001; w1(8,2)=1.4137870825e+000; w1(8,3)=1.7650828015e-001; w1(8,4)=-4.8787341572e-001; 
w20=-2.3979038875e-001; w2(1)=2.7744712729e-001; w2(2)=3.9984872509e-001; w2(3)=-4.1546907002e-001; w2(4)=5.1410493214e-001; w2(5)=-6.0188120346e-001; w2(6)=4.6700743929e-001; w2(7)=6.6661117364e-001; w2(8)=-3.2477803112e-001; 

