
%liczba neuronów ukrytych: 10, liczba wejœæ sieci: 4
%wejœcie 1: u(k-3)
%wejœcie 2: u(k-4)
%wejœcie 3: y(k-1)
%wejœcie 4: y(k-2)
%uczenie w trybie OE
w10(1,1)=-1.1691293975e-003; w1(1,1)=8.4576265702e-002; w1(1,2)=-2.8551677596e-003; w1(1,3)=-8.6362175532e-002; w1(1,4)=-1.9826679655e-001; 
w10(2,1)=-8.5207435409e-002; w1(2,1)=1.0721173601e-002; w1(2,2)=1.1110416368e-001; w1(2,3)=-2.0269631177e-002; w1(2,4)=1.9231353628e-002; 
w10(3,1)=1.4236370142e-001; w1(3,1)=3.9806441585e-002; w1(3,2)=2.2857736427e-001; w1(3,3)=1.2383214319e-001; w1(3,4)=2.9376197220e-001; 
w10(4,1)=5.6994201605e-002; w1(4,1)=1.5828850150e-002; w1(4,2)=6.9361136362e-002; w1(4,3)=-4.8019392895e-002; w1(4,4)=-1.1052109593e-003; 
w10(5,1)=-8.0094828162e-002; w1(5,1)=6.6827154745e-002; w1(5,2)=1.2287712992e-001; w1(5,3)=-7.7719954420e-002; w1(5,4)=-7.3892194129e-002; 
w10(6,1)=-6.0402448423e-002; w1(6,1)=1.0855561725e-001; w1(6,2)=-1.0268660321e-001; w1(6,3)=-9.5077304888e-002; w1(6,4)=-3.1730361413e-001; 
w10(7,1)=-6.7311946548e-002; w1(7,1)=3.2375107277e-002; w1(7,2)=-7.7948545593e-002; w1(7,3)=-1.0628651847e-001; w1(7,4)=-3.1704430517e-001; 
w10(8,1)=-4.9952891049e-002; w1(8,1)=1.6413480947e-002; w1(8,2)=2.4326578939e-002; w1(8,3)=-3.5684411124e-002; w1(8,4)=-1.6577079095e-001; 
w10(9,1)=-3.4696051316e-001; w1(9,1)=-3.0075825945e-002; w1(9,2)=-1.6003173880e-001; w1(9,3)=-2.3787776146e-001; w1(9,4)=-4.0789208184e-001; 
w10(10,1)=-2.0619467859e-003; w1(10,1)=-3.1415451325e-002; w1(10,2)=-3.9107477306e-002; w1(10,3)=-7.5896552174e-002; w1(10,4)=-2.8243000731e-001; 
w20=-2.6314255211e-001; w2(1)=-2.2530497621e-001; w2(2)=1.7534203628e-002; w2(3)=3.1261100293e-001; w2(4)=-3.1229189813e-002; w2(5)=-1.0371759783e-001; w2(6)=-3.3642168786e-001; w2(7)=-3.3646164649e-001; w2(8)=-1.7412656092e-001; w2(9)=-4.9782475764e-001; w2(10)=-2.6754298158e-001; 

