
%liczba neuronów ukrytych: 9, liczba wejœæ sieci: 4
%wejœcie 1: u(k-3)
%wejœcie 2: u(k-4)
%wejœcie 3: y(k-1)
%wejœcie 4: y(k-2)
%uczenie w trybie OE
w10(1,1)=-5.6425634983e-002; w1(1,1)=2.0628995347e-001; w1(1,2)=-8.1115304799e-001; w1(1,3)=-1.9790091863e-001; w1(1,4)=4.5670047175e-001; 
w10(2,1)=-1.0493951893e-001; w1(2,1)=6.8226220825e-001; w1(2,2)=-3.7809447906e-001; w1(2,3)=-1.0382313898e+000; w1(2,4)=7.9256786204e-001; 
w10(3,1)=1.0441984598e-002; w1(3,1)=3.9712305890e-001; w1(3,2)=1.1924283588e+000; w1(3,3)=2.3277475846e-001; w1(3,4)=-2.1834421338e-001; 
w10(4,1)=-2.5200020000e-001; w1(4,1)=1.3068132034e-001; w1(4,2)=-8.8115786870e-001; w1(4,3)=-1.5984386966e-002; w1(4,4)=4.2831456936e-001; 
w10(5,1)=-7.3473255726e-001; w1(5,1)=4.6918037423e-001; w1(5,2)=-5.3400435804e-001; w1(5,3)=-3.2094166463e-001; w1(5,4)=8.4754200983e-001; 
w10(6,1)=-3.1470701669e-001; w1(6,1)=5.1062599062e-001; w1(6,2)=-6.9127575764e-001; w1(6,3)=6.0448350876e-002; w1(6,4)=4.6713101094e-001; 
w10(7,1)=4.1844163406e-002; w1(7,1)=-1.1369517873e-001; w1(7,2)=1.6118532321e-001; w1(7,3)=-4.1624000509e-001; w1(7,4)=5.1019869085e-002; 
w10(8,1)=-2.2845062184e-001; w1(8,1)=1.8102928744e-001; w1(8,2)=2.2398697623e-001; w1(8,3)=7.0136430360e-001; w1(8,4)=-4.4584030320e-001; 
w10(9,1)=1.0816578654e+000; w1(9,1)=3.9259400448e-001; w1(9,2)=-4.5486437035e-001; w1(9,3)=1.2898205028e-001; w1(9,4)=4.7510690254e-001; 
w20=-7.5211924283e-002; w2(1)=-2.1591003248e-001; w2(2)=-7.5676911047e-001; w2(3)=-7.2763648040e-002; w2(4)=-8.5913738816e-002; w2(5)=4.5656965511e-001; w2(6)=2.4361379472e-001; w2(7)=-9.3715230747e-001; w2(8)=5.3301203160e-001; w2(9)=6.0756900804e-001; 

