
%liczba neuronów ukrytych: 10, liczba wejœæ sieci: 4
%wejœcie 1: u(k-3)
%wejœcie 2: u(k-4)
%wejœcie 3: y(k-1)
%wejœcie 4: y(k-2)
%uczenie w trybie ARX
w10(1,1)=2.8934618924e-001; w1(1,1)=1.3077754460e-001; w1(1,2)=1.3246070328e-001; w1(1,3)=-2.5347697886e-001; w1(1,4)=-4.2495038999e-001; 
w10(2,1)=-5.3809729719e-001; w1(2,1)=2.9598377263e-001; w1(2,2)=2.6888747675e-001; w1(2,3)=4.2308501993e-001; w1(2,4)=5.5244709265e-001; 
w10(3,1)=2.1981341682e-001; w1(3,1)=-2.6582903782e-002; w1(3,2)=-5.3191573439e-002; w1(3,3)=1.8440791679e-001; w1(3,4)=1.0659222892e-001; 
w10(4,1)=1.7872139653e-001; w1(4,1)=2.6449887058e-001; w1(4,2)=2.3826915223e-001; w1(4,3)=7.2472687824e-001; w1(4,4)=-6.2227171335e-001; 
w10(5,1)=1.5358869795e-001; w1(5,1)=6.5188426513e-003; w1(5,2)=-1.4765028930e-002; w1(5,3)=3.6347871985e-001; w1(5,4)=-2.7056542662e-003; 
w10(6,1)=-1.0392042993e-001; w1(6,1)=8.5262982758e-002; w1(6,2)=1.2443484923e-001; w1(6,3)=5.2046104505e-001; w1(6,4)=-2.0031100764e-002; 
w10(7,1)=-1.3516171961e-001; w1(7,1)=-4.8044068190e-003; w1(7,2)=-4.5543165435e-003; w1(7,3)=1.4147298126e-001; w1(7,4)=1.6640759353e-001; 
w10(8,1)=-3.6567359673e-001; w1(8,1)=6.6228774809e-002; w1(8,2)=9.5821691717e-002; w1(8,3)=-1.8485652079e-001; w1(8,4)=-6.6197678320e-002; 
w10(9,1)=3.8929131213e-001; w1(9,1)=2.1979519665e-001; w1(9,2)=1.1102732049e-001; w1(9,3)=3.0858696471e-001; w1(9,4)=5.2003745166e-001; 
w10(10,1)=6.3930016017e-001; w1(10,1)=1.6581186389e-001; w1(10,2)=1.6178639356e-001; w1(10,3)=-3.3950847882e-001; w1(10,4)=-3.7164426271e-003; 
w20=4.0049805264e-002; w2(1)=2.1317990319e-001; w2(2)=-1.4783674846e-001; w2(3)=7.2239296830e-001; w2(4)=6.9506437860e-001; w2(5)=6.4073186208e-001; w2(6)=9.2442583888e-001; w2(7)=1.6880625599e-001; w2(8)=-6.8547425086e-001; w2(9)=-2.5777247370e-001; w2(10)=-1.0197217672e+000; 

