
%liczba neuronów ukrytych: 10, liczba wejœæ sieci: 4
%wejœcie 1: u(k-3)
%wejœcie 2: u(k-4)
%wejœcie 3: y(k-1)
%wejœcie 4: y(k-2)
%uczenie w trybie OE
w10(1,1)=-6.4411540700e-001; w1(1,1)=3.8762218158e-001; w1(1,2)=-4.4831730397e-001; w1(1,3)=7.6730236708e-001; w1(1,4)=-1.4239156908e-001; 
w10(2,1)=6.6302213217e-001; w1(2,1)=-5.4004229999e-001; w1(2,2)=1.0340946513e+000; w1(2,3)=8.4581867153e-001; w1(2,4)=-4.8490482234e-001; 
w10(3,1)=7.7485966667e-001; w1(3,1)=-4.1635294077e-001; w1(3,2)=-1.0839033447e+000; w1(3,3)=-7.5950832237e-001; w1(3,4)=-1.0579544899e-001; 
w10(4,1)=5.1517771981e-001; w1(4,1)=6.6393724003e-001; w1(4,2)=-1.5413096807e+000; w1(4,3)=-1.1443652664e+000; w1(4,4)=7.4957302103e-001; 
w10(5,1)=-8.1190587831e-001; w1(5,1)=-3.5289208650e-001; w1(5,2)=5.9096176979e-001; w1(5,3)=-5.5131369150e-001; w1(5,4)=5.6574832007e-002; 
w10(6,1)=5.8085237061e-001; w1(6,1)=5.9316566856e-002; w1(6,2)=2.2472437061e-002; w1(6,3)=-6.9655365644e-002; w1(6,4)=3.9262901428e-001; 
w10(7,1)=3.6756557860e-001; w1(7,1)=-1.1779135009e+000; w1(7,2)=-1.1160006294e+000; w1(7,3)=-9.0517995097e-003; w1(7,4)=3.6511431270e-001; 
w10(8,1)=-5.7537245254e-001; w1(8,1)=1.0089010631e+000; w1(8,2)=2.6525730839e-001; w1(8,3)=3.0631113503e-001; w1(8,4)=4.6948917035e-001; 
w10(9,1)=1.1451300261e-001; w1(9,1)=6.7208746511e-001; w1(9,2)=-8.1016976618e-002; w1(9,3)=-5.0285988332e-001; w1(9,4)=6.7898163969e-001; 
w10(10,1)=5.6127783327e-001; w1(10,1)=5.3795284767e-001; w1(10,2)=-4.1900874252e-001; w1(10,3)=-1.8584663400e-001; w1(10,4)=5.6984005049e-001; 
w20=-4.6199474525e-001; w2(1)=1.0043212084e+000; w2(2)=4.6269920187e-001; w2(3)=4.2724270105e-002; w2(4)=-3.0389811779e-001; w2(5)=-1.0164822725e+000; w2(6)=3.4277075424e-001; w2(7)=2.6376760890e-002; w2(8)=3.1186489494e-002; w2(9)=-3.7599516640e-001; w2(10)=1.3493862704e-001; 

