
%liczba neuronów ukrytych: 9, liczba wejœæ sieci: 4
%wejœcie 1: u(k-3)
%wejœcie 2: u(k-4)
%wejœcie 3: y(k-1)
%wejœcie 4: y(k-2)
%uczenie w trybie ARX
w10(1,1)=-3.3078865937e-001; w1(1,1)=-8.7351057824e-002; w1(1,2)=-5.9232079731e-002; w1(1,3)=1.4411444465e-001; w1(1,4)=2.4078045318e-001; 
w10(2,1)=2.4139819544e-001; w1(2,1)=-8.8287547355e-001; w1(2,2)=-5.6854034074e-001; w1(2,3)=5.2022818101e-001; w1(2,4)=-2.1725372221e-001; 
w10(3,1)=8.9710292475e-002; w1(3,1)=-4.3781275759e-001; w1(3,2)=-4.4816918129e-002; w1(3,3)=-7.2428028776e-002; w1(3,4)=6.3587133498e-001; 
w10(4,1)=8.3298472799e-001; w1(4,1)=-1.0400239773e-001; w1(4,2)=-1.9837830190e-001; w1(4,3)=-7.1598335195e-001; w1(4,4)=3.2367227921e-001; 
w10(5,1)=-1.4296889323e-002; w1(5,1)=3.9669054661e-002; w1(5,2)=2.2395350534e-002; w1(5,3)=-4.5755988801e-001; w1(5,4)=2.2392489103e-001; 
w10(6,1)=-1.3269032961e-001; w1(6,1)=7.6942991250e-002; w1(6,2)=1.4091371146e-001; w1(6,3)=-2.6183854988e-001; w1(6,4)=-5.6023662216e-002; 
w10(7,1)=-6.4681439105e-001; w1(7,1)=-2.1920697690e-002; w1(7,2)=-2.1057118865e-001; w1(7,3)=-4.9997368796e-001; w1(7,4)=8.8024443857e-002; 
w10(8,1)=8.3961334674e-002; w1(8,1)=-6.2605699599e-002; w1(8,2)=-9.7692710555e-002; w1(8,3)=1.6774715989e-001; w1(8,4)=9.8868896864e-002; 
w10(9,1)=1.7175772070e-001; w1(9,1)=-9.1865867021e-002; w1(9,2)=-1.2576792829e-001; w1(9,3)=2.6115565850e-001; w1(9,4)=1.4885103427e-002; 
w20=2.1985882809e-001; w2(1)=2.7440497943e-001; w2(2)=8.5073210150e-002; w2(3)=-3.2972929083e-001; w2(4)=-1.0014014771e+000; w2(5)=-9.9666305324e-001; w2(6)=-3.6920312700e-001; w2(7)=-6.4464508453e-001; w2(8)=6.2067841752e-001; w2(9)=4.6069764687e-001; 

