
%liczba neuronów ukrytych: 6, liczba wejœæ sieci: 4
%wejœcie 1: u(k-3)
%wejœcie 2: u(k-4)
%wejœcie 3: y(k-1)
%wejœcie 4: y(k-2)
%uczenie w trybie OE
w10(1,1)=-1.7189673845e-002; w1(1,1)=1.5720303602e+000; w1(1,2)=-6.1990184620e-001; w1(1,3)=6.8545741612e-001; w1(1,4)=-5.6560619270e-001; 
w10(2,1)=-1.4497149579e-001; w1(2,1)=-9.6571826576e-001; w1(2,2)=-1.6280717953e-001; w1(2,3)=-8.5890748318e-002; w1(2,4)=-1.7618645681e-001; 
w10(3,1)=-7.1023644980e-001; w1(3,1)=7.6966228953e-001; w1(3,2)=-7.7809301706e-001; w1(3,3)=-2.5703328693e-002; w1(3,4)=8.0768891638e-001; 
w10(4,1)=-9.4233197889e-001; w1(4,1)=-5.0479176815e-001; w1(4,2)=5.8572916008e-001; w1(4,3)=-3.2977803555e-001; w1(4,4)=-2.9634222776e-001; 
w10(5,1)=-1.6550367778e-001; w1(5,1)=-5.3694883601e-002; w1(5,2)=1.4708696782e+000; w1(5,3)=-2.7746493040e-002; w1(5,4)=-1.4258049344e-002; 
w10(6,1)=-9.8630014964e-002; w1(6,1)=1.1605644647e+000; w1(6,2)=-1.0868507462e+000; w1(6,3)=-9.6588624666e-001; w1(6,4)=5.2375446898e-001; 
w20=-3.4105283506e-001; w2(1)=4.4293342406e-001; w2(2)=1.7704042875e-001; w2(3)=5.9640606962e-001; w2(4)=-8.4620219875e-001; w2(5)=-1.6226650904e-001; w2(6)=-9.0057795564e-001; 

