
%liczba neuronów ukrytych: 10, liczba wejœæ sieci: 4
%wejœcie 1: u(k-3)
%wejœcie 2: u(k-4)
%wejœcie 3: y(k-1)
%wejœcie 4: y(k-2)
%uczenie w trybie ARX
w10(1,1)=-6.4521397312e-002; w1(1,1)=2.9084045311e-001; w1(1,2)=3.1537606205e-001; w1(1,3)=8.3887179636e-002; w1(1,4)=1.8921521740e-001; 
w10(2,1)=-2.6775204025e-001; w1(2,1)=3.1230798321e-001; w1(2,2)=2.6805296874e-001; w1(2,3)=-1.3209141721e-001; w1(2,4)=-2.6794647154e-001; 
w10(3,1)=-1.9072825136e-001; w1(3,1)=-1.7856503271e-001; w1(3,2)=6.6392893882e-002; w1(3,3)=-1.6856689338e-001; w1(3,4)=-5.6613205413e-001; 
w10(4,1)=-1.5538067201e-002; w1(4,1)=1.9390670386e-003; w1(4,2)=-1.9062683723e-002; w1(4,3)=1.7040789220e-001; w1(4,4)=1.5900627620e-001; 
w10(5,1)=7.2312247764e-002; w1(5,1)=1.7058533460e-002; w1(5,2)=-1.8785377378e-002; w1(5,3)=-2.2496830822e-001; w1(5,4)=-1.1803155760e-001; 
w10(6,1)=-5.9195487785e-001; w1(6,1)=2.1742258757e-002; w1(6,2)=8.8575994172e-002; w1(6,3)=-1.7805885243e-001; w1(6,4)=-2.4583022422e-001; 
w10(7,1)=2.2236094925e-001; w1(7,1)=-1.0772512034e-002; w1(7,2)=4.3500903356e-002; w1(7,3)=-3.8342756791e-001; w1(7,4)=-1.9250217176e-001; 
w10(8,1)=1.0068862334e-001; w1(8,1)=2.6289474418e-001; w1(8,2)=2.9034915048e-001; w1(8,3)=8.4777580974e-001; w1(8,4)=-5.7812912815e-001; 
w10(9,1)=6.9512204650e-001; w1(9,1)=1.5108129468e-001; w1(9,2)=1.8185540631e-001; w1(9,3)=-4.5597392977e-001; w1(9,4)=1.5334167604e-001; 
w10(10,1)=1.4776822439e-001; w1(10,1)=-2.0144021053e-002; w1(10,2)=-2.6034403373e-003; w1(10,3)=-4.4788662873e-001; w1(10,4)=5.2815626505e-002; 
w20=7.1424342724e-002; w2(1)=-4.4654664427e-001; w2(2)=1.5216091631e-001; w2(3)=2.9546340070e-001; w2(4)=6.3569335782e-001; w2(5)=-3.7647931930e-001; w2(6)=-8.7488937984e-001; w2(7)=-1.0825420278e-001; w2(8)=8.5895671603e-001; w2(9)=-6.0642968851e-001; w2(10)=-8.8994541473e-001; 

