
%liczba neuronów ukrytych: 10, liczba wejœæ sieci: 4
%wejœcie 1: u(k-3)
%wejœcie 2: u(k-4)
%wejœcie 3: y(k-1)
%wejœcie 4: y(k-2)
%uczenie w trybie OE
w10(1,1)=4.3469609328e-002; w1(1,1)=1.8688052483e-002; w1(1,2)=-1.4594132656e-001; w1(1,3)=-4.2835518069e-002; w1(1,4)=-2.5269339626e-001; 
w10(2,1)=-3.1892098216e-003; w1(2,1)=-9.1360342308e-003; w1(2,2)=7.3285078071e-002; w1(2,3)=1.8832127683e-001; w1(2,4)=2.0266592826e-001; 
w10(3,1)=-3.9008803952e-001; w1(3,1)=-2.3659068292e-002; w1(3,2)=-1.9507761663e-001; w1(3,3)=-2.4245554505e-001; w1(3,4)=-4.7682231238e-001; 
w10(4,1)=-5.0806693898e-002; w1(4,1)=7.5622675641e-002; w1(4,2)=8.9482504893e-002; w1(4,3)=1.1603900364e-001; w1(4,4)=7.3148286714e-002; 
w10(5,1)=-8.9654727922e-002; w1(5,1)=9.9572650977e-002; w1(5,2)=4.7053921401e-002; w1(5,3)=-3.3303304309e-002; w1(5,4)=-7.4543828851e-003; 
w10(6,1)=-5.3637328629e-002; w1(6,1)=1.3918673690e-001; w1(6,2)=3.5661180541e-002; w1(6,3)=-4.8158139427e-002; w1(6,4)=-1.3784873188e-002; 
w10(7,1)=9.1961964455e-002; w1(7,1)=1.3130718354e-001; w1(7,2)=-2.4660782804e-002; w1(7,3)=-1.3240399164e-001; w1(7,4)=-1.9470060406e-001; 
w10(8,1)=3.9786057060e-002; w1(8,1)=-6.9160636411e-002; w1(8,2)=8.0702770021e-002; w1(8,3)=1.3715873913e-001; w1(8,4)=3.8833706021e-001; 
w10(9,1)=-6.1072700405e-002; w1(9,1)=1.5032193542e-002; w1(9,2)=5.4735002974e-002; w1(9,3)=-5.1889149844e-002; w1(9,4)=4.3105884997e-002; 
w10(10,1)=-7.0039575431e-002; w1(10,1)=-9.3872634572e-003; w1(10,2)=6.1181944782e-002; w1(10,3)=5.2563488459e-002; w1(10,4)=-9.8086299276e-002; 
w20=-2.0300772275e-001; w2(1)=-2.6298176626e-001; w2(2)=2.7957263261e-001; w2(3)=-6.1863115691e-001; w2(4)=1.2180564052e-001; w2(5)=-2.2277403934e-002; w2(6)=-4.3355341154e-002; w2(7)=-2.4915290427e-001; w2(8)=4.2713866121e-001; w2(9)=1.7865449474e-002; w2(10)=-4.5278811071e-002; 

