
%liczba neuronów ukrytych: 4, liczba wejœæ sieci: 4
%wejœcie 1: u(k-3)
%wejœcie 2: u(k-4)
%wejœcie 3: y(k-1)
%wejœcie 4: y(k-2)
%uczenie w trybie OE
w10(1,1)=6.1202278496e-001; w1(1,1)=3.0243000582e-001; w1(1,2)=-2.2111170705e+000; w1(1,3)=1.0957319329e+000; w1(1,4)=-4.1681538357e-001; 
w10(2,1)=-3.6116453125e-001; w1(2,1)=-1.5207922018e+000; w1(2,2)=-9.3927607827e-001; w1(2,3)=-1.3522256328e-001; w1(2,4)=-9.0898639498e-002; 
w10(3,1)=-6.5859451531e-001; w1(3,1)=-8.3526391404e-002; w1(3,2)=3.3384036572e-002; w1(3,3)=1.1151088937e+000; w1(3,4)=-1.2037665975e-001; 
w10(4,1)=6.7839106328e-001; w1(4,1)=1.9814098747e-002; w1(4,2)=-1.1881444741e-002; w1(4,3)=8.4810328437e-001; w1(4,4)=-2.9324862250e-001; 
w20=-6.2952289304e-001; w2(1)=-1.9265696935e-002; w2(2)=-3.6196226966e-002; w2(3)=5.5697234193e-001; w2(4)=1.6074136876e+000; 

