
%liczba neuronów ukrytych: 10, liczba wejœæ sieci: 4
%wejœcie 1: u(k-3)
%wejœcie 2: u(k-4)
%wejœcie 3: y(k-1)
%wejœcie 4: y(k-2)
%uczenie w trybie OE
w10(1,1)=-1.0439802932e-001; w1(1,1)=-4.5775180905e-002; w1(1,2)=-1.5257533543e-002; w1(1,3)=-1.0894962508e-001; w1(1,4)=-2.8472298124e-001; 
w10(2,1)=-5.4044232038e-003; w1(2,1)=6.1575882455e-002; w1(2,2)=-9.0647385735e-002; w1(2,3)=-9.1334836072e-002; w1(2,4)=-1.7419583933e-001; 
w10(3,1)=8.3758521906e-002; w1(3,1)=-1.3165125370e-001; w1(3,2)=1.9123719826e-002; w1(3,3)=1.2844734863e-001; w1(3,4)=3.1388617965e-001; 
w10(4,1)=3.9537787542e-002; w1(4,1)=-8.0389684020e-003; w1(4,2)=-1.9299382242e-001; w1(4,3)=-6.3955581295e-002; w1(4,4)=-1.2296931397e-001; 
w10(5,1)=3.3376719182e-001; w1(5,1)=7.4368700267e-003; w1(5,2)=9.4098202334e-002; w1(5,3)=1.6796957135e-001; w1(5,4)=5.2118356350e-001; 
w10(6,1)=1.0052856856e-001; w1(6,1)=8.1088719434e-002; w1(6,2)=2.3361426817e-002; w1(6,3)=-8.3689316788e-002; w1(6,4)=-1.3424729054e-001; 
w10(7,1)=4.0892732866e-002; w1(7,1)=-7.0555432490e-003; w1(7,2)=-8.2614651331e-002; w1(7,3)=-1.3777823574e-001; w1(7,4)=-1.0128578916e-001; 
w10(8,1)=-1.0851581531e-001; w1(8,1)=-6.0477602673e-002; w1(8,2)=-7.2319451648e-003; w1(8,3)=9.8426930197e-002; w1(8,4)=7.1763639987e-002; 
w10(9,1)=1.9424096085e-001; w1(9,1)=1.5230618787e-001; w1(9,2)=2.0926836373e-001; w1(9,3)=2.1308812681e-001; w1(9,4)=2.6779102041e-001; 
w10(10,1)=-3.7347127373e-002; w1(10,1)=-3.8452595079e-003; w1(10,2)=2.3070056078e-002; w1(10,3)=-3.6986465826e-002; w1(10,4)=2.0474851561e-002; 
w20=-2.4181355604e-001; w2(1)=-2.7082897465e-001; w2(2)=-2.0492168237e-001; w2(3)=3.4839850025e-001; w2(4)=-1.3977422986e-001; w2(5)=5.4054094449e-001; w2(6)=-1.6877359347e-001; w2(7)=-1.5154824723e-001; w2(8)=1.1916941601e-001; w2(9)=2.9940092960e-001; w2(10)=2.4660466508e-003; 

