
%liczba neuronów ukrytych: 10, liczba wejœæ sieci: 4
%wejœcie 1: u(k-3)
%wejœcie 2: u(k-4)
%wejœcie 3: y(k-1)
%wejœcie 4: y(k-2)
%uczenie w trybie ARX
w10(1,1)=1.0424131054e-001; w1(1,1)=-5.7046007834e-001; w1(1,2)=-3.7617968011e-001; w1(1,3)=-3.9065356582e-002; w1(1,4)=-2.9665652690e-001; 
w10(2,1)=-2.0635266276e-001; w1(2,1)=-2.6798254455e-002; w1(2,2)=-1.2533426875e-002; w1(2,3)=-5.1261102237e-001; w1(2,4)=-4.7689443009e-001; 
w10(3,1)=-1.0019361902e-002; w1(3,1)=-7.1776330677e-002; w1(3,2)=-1.2205087906e-001; w1(3,3)=-4.5519384818e-001; w1(3,4)=2.5541943412e-001; 
w10(4,1)=-1.9519626586e-001; w1(4,1)=-9.5748183187e-002; w1(4,2)=1.7915009792e-002; w1(4,3)=-1.7003856653e-001; w1(4,4)=-1.1795343559e-001; 
w10(5,1)=-1.0288827645e-001; w1(5,1)=8.0260568064e-001; w1(5,2)=2.9672769551e-001; w1(5,3)=1.4307358395e-001; w1(5,4)=-1.1117333271e-001; 
w10(6,1)=-4.2950235031e-001; w1(6,1)=1.2715711067e-001; w1(6,2)=1.1264465849e-001; w1(6,3)=-3.1161247569e-001; w1(6,4)=-6.3928584692e-002; 
w10(7,1)=-1.2178905899e-001; w1(7,1)=-7.2129868868e-001; w1(7,2)=-6.7137918581e-001; w1(7,3)=-4.0834959251e-001; w1(7,4)=-7.6729904274e-002; 
w10(8,1)=4.4027148262e-002; w1(8,1)=-6.2287632497e-002; w1(8,2)=-1.4371855893e-001; w1(8,3)=-3.9382818661e-001; w1(8,4)=1.8322391859e-001; 
w10(9,1)=6.9703101781e-001; w1(9,1)=1.4347609855e-001; w1(9,2)=1.8635531368e-001; w1(9,3)=-6.8215563594e-001; w1(9,4)=2.1409675020e-001; 
w10(10,1)=-1.2731899975e-001; w1(10,1)=2.7355634709e-001; w1(10,2)=2.9216066456e-001; w1(10,3)=2.2792609290e-001; w1(10,4)=3.3076389994e-001; 
w20=-3.8111005752e-002; w2(1)=4.0490524561e-001; w2(2)=8.4277866163e-002; w2(3)=-1.1374357201e+000; w2(4)=-6.6014198999e-001; w2(5)=2.1393805344e-001; w2(6)=-9.6010848442e-001; w2(7)=-8.6660564935e-002; w2(8)=-5.8333789142e-001; w2(9)=-7.6756235960e-001; w2(10)=1.1595369823e-001; 

