
%liczba neuronów ukrytych: 5, liczba wejœæ sieci: 4
%wejœcie 1: u(k-3)
%wejœcie 2: u(k-4)
%wejœcie 3: y(k-1)
%wejœcie 4: y(k-2)
%uczenie w trybie OE
w10(1,1)=-8.0409154906e-001; w1(1,1)=-5.9297242086e-001; w1(1,2)=-6.6651715259e-001; w1(1,3)=-4.7191607437e-001; w1(1,4)=2.4816036067e-001; 
w10(2,1)=1.5107698518e-001; w1(2,1)=-3.7318049335e-002; w1(2,2)=3.2247285876e-002; w1(2,3)=-7.3692420931e-001; w1(2,4)=1.5202983756e-001; 
w10(3,1)=1.3064533529e-001; w1(3,1)=-4.7368830547e-001; w1(3,2)=3.0184417746e-001; w1(3,3)=3.6528177082e-001; w1(3,4)=-1.4100412335e+000; 
w10(4,1)=1.3221746265e+000; w1(4,1)=8.4155574942e-001; w1(4,2)=1.0117508779e+000; w1(4,3)=-6.8437252581e-003; w1(4,4)=-5.9460783090e-002; 
w10(5,1)=-1.7930047974e+000; w1(5,1)=1.0832279344e-002; w1(5,2)=-2.3738779790e-001; w1(5,3)=-2.5502021375e-001; w1(5,4)=-7.8758334901e-001; 
w20=-9.6618892152e-002; w2(1)=-1.9089377345e-001; w2(2)=-1.8821220011e+000; w2(3)=1.7413151769e-001; w2(4)=-1.1965965719e-001; w2(5)=-3.5191817938e-001; 

