
%liczba neuronów ukrytych: 2, liczba wejœæ sieci: 4
%wejœcie 1: u(k-3)
%wejœcie 2: u(k-4)
%wejœcie 3: y(k-1)
%wejœcie 4: y(k-2)
%uczenie w trybie OE
w10(1,1)=-3.1193581107e-001; w1(1,1)=5.0159566943e-001; w1(1,2)=-6.6450955059e+000; w1(1,3)=-1.7515822902e+001; w1(1,4)=1.4875413971e+001; 
w10(2,1)=-2.3434259710e-001; w1(2,1)=1.0460203220e-002; w1(2,2)=1.3051142146e-002; w1(2,3)=-5.4032467885e-001; w1(2,4)=-7.1500660440e-003; 
w20=-3.9726218118e-001; w2(1)=4.4236068767e-002; w2(2)=-1.7841626053e+000; 

