
%liczba neuronów ukrytych: 5, liczba wejœæ sieci: 4
%wejœcie 1: u(k-3)
%wejœcie 2: u(k-4)
%wejœcie 3: y(k-1)
%wejœcie 4: y(k-2)
%uczenie w trybie OE
w10(1,1)=8.1038177767e-002; w1(1,1)=-3.7711722740e-002; w1(1,2)=2.7390707486e-001; w1(1,3)=-1.0336303168e-001; w1(1,4)=-1.7804316210e-001; 
w10(2,1)=5.8739262596e-001; w1(2,1)=-2.3767146302e-002; w1(2,2)=-1.3847990690e-001; w1(2,3)=-5.9719007696e-001; w1(2,4)=1.5304565410e-001; 
w10(3,1)=6.1708919692e-001; w1(3,1)=-4.2491108209e-002; w1(3,2)=6.9137062238e-002; w1(3,3)=3.5684514326e-001; w1(3,4)=3.2817517471e-002; 
w10(4,1)=-1.2931017541e-001; w1(4,1)=6.8005820081e-002; w1(4,2)=9.5840235653e-001; w1(4,3)=-3.5232390040e-001; w1(4,4)=1.1892103184e-002; 
w10(5,1)=-1.0123575095e-001; w1(5,1)=-1.1528516285e-002; w1(5,2)=1.1021195290e+000; w1(5,3)=1.1662491912e+000; w1(5,4)=-1.5697921464e+000; 
w20=-8.4878050474e-002; w2(1)=-6.6008944364e-001; w2(2)=-1.2196220676e+000; w2(3)=1.3832361961e+000; w2(4)=-4.5462014880e-001; w2(5)=3.5327856385e-001; 

