
%liczba neuronów ukrytych: 6, liczba wejœæ sieci: 4
%wejœcie 1: u(k-3)
%wejœcie 2: u(k-4)
%wejœcie 3: y(k-1)
%wejœcie 4: y(k-2)
%uczenie w trybie OE
w10(1,1)=2.6663481719e-001; w1(1,1)=7.6179891315e-001; w1(1,2)=-7.3959546188e-001; w1(1,3)=-9.6357769336e-001; w1(1,4)=1.0832703836e+000; 
w10(2,1)=-5.5372539873e-001; w1(2,1)=-9.3626502174e-001; w1(2,2)=-8.0648625920e-001; w1(2,3)=-8.7614370207e-001; w1(2,4)=-1.4081063563e-002; 
w10(3,1)=5.6702724379e-001; w1(3,1)=-7.5634548753e-002; w1(3,2)=3.0879585468e-002; w1(3,3)=-1.1216595535e+000; w1(3,4)=1.6838064250e-001; 
w10(4,1)=2.2333372503e-001; w1(4,1)=-2.1737078889e+000; w1(4,2)=-5.8699789535e-001; w1(4,3)=6.9273197870e-001; w1(4,4)=-6.4817877372e-001; 
w10(5,1)=-7.1833282140e-001; w1(5,1)=-8.1767349421e-001; w1(5,2)=2.1244559869e+000; w1(5,3)=1.1400862076e+000; w1(5,4)=-2.2277456776e+000; 
w10(6,1)=9.0844251073e-001; w1(6,1)=3.9216675290e-003; w1(6,2)=-2.5126445134e-003; w1(6,3)=1.0506408181e+000; w1(6,4)=-3.3604774934e-001; 
w20=-4.8347368792e-001; w2(1)=-2.4471467497e-002; w2(2)=2.5972913930e-002; w2(3)=-7.5014303654e-001; w2(4)=2.7355880018e-002; w2(5)=-3.1486839088e-002; w2(6)=1.1974058969e+000; 

