
%liczba neuronów ukrytych: 9, liczba wejœæ sieci: 4
%wejœcie 1: u(k-3)
%wejœcie 2: u(k-4)
%wejœcie 3: y(k-1)
%wejœcie 4: y(k-2)
%uczenie w trybie ARX
w10(1,1)=2.1762910763e-001; w1(1,1)=-3.6665101247e-002; w1(1,2)=-5.1507466562e-003; w1(1,3)=-1.5322584629e-001; w1(1,4)=-2.6015631101e-001; 
w10(2,1)=-1.8331250732e-001; w1(2,1)=-3.5412704644e-002; w1(2,2)=-1.1982193136e-001; w1(2,3)=-1.9281171151e-001; w1(2,4)=-1.0473849775e-001; 
w10(3,1)=-8.7865019995e-002; w1(3,1)=2.1175975448e-001; w1(3,2)=-1.1658403695e-001; w1(3,3)=-1.4543201202e-001; w1(3,4)=-6.5721011443e-001; 
w10(4,1)=-6.3163925739e-001; w1(4,1)=2.5079282179e-002; w1(4,2)=1.8056865962e-001; w1(4,3)=7.0740294524e-001; w1(4,4)=-3.3816741799e-001; 
w10(5,1)=-4.7169256210e-001; w1(5,1)=5.1009319647e-002; w1(5,2)=-2.2047487273e-001; w1(5,3)=-1.5123406861e-001; w1(5,4)=-3.5184094065e-001; 
w10(6,1)=-3.8546338226e-001; w1(6,1)=5.0092778518e-003; w1(6,2)=-5.9399768088e-002; w1(6,3)=1.9390334529e-001; w1(6,4)=3.0116334042e-001; 
w10(7,1)=-2.4103252534e-001; w1(7,1)=1.0996528238e-001; w1(7,2)=2.7010084545e-001; w1(7,3)=-1.0339748940e+000; w1(7,4)=7.4297644034e-001; 
w10(8,1)=2.9376001969e-001; w1(8,1)=2.3023336951e-003; w1(8,2)=1.2497793841e-001; w1(8,3)=3.0398069638e-001; w1(8,4)=3.3719077135e-002; 
w10(9,1)=3.7866756741e-001; w1(9,1)=1.1149510727e-001; w1(9,2)=6.3302532132e-001; w1(9,3)=-4.0761685341e-001; w1(9,4)=8.2717551033e-001; 
w20=4.2213034930e-002; w2(1)=-3.0676547948e-001; w2(2)=-6.1786134230e-001; w2(3)=2.1339960571e-001; w2(4)=7.1142506689e-001; w2(5)=-5.1973792289e-001; w2(6)=3.8540935804e-001; w2(7)=-7.5353517568e-001; w2(8)=4.4651506764e-001; w2(9)=-1.8002120210e-001; 

