
%liczba neuronów ukrytych: 5, liczba wejœæ sieci: 4
%wejœcie 1: u(k-3)
%wejœcie 2: u(k-4)
%wejœcie 3: y(k-1)
%wejœcie 4: y(k-2)
%uczenie w trybie OE
w10(1,1)=7.8910347529e-001; w1(1,1)=1.4761094728e-001; w1(1,2)=2.5278173583e-001; w1(1,3)=4.9733423309e-001; w1(1,4)=-1.0855893385e+000; 
w10(2,1)=7.4690125050e-001; w1(2,1)=-8.4562385906e-002; w1(2,2)=-2.7044338401e-001; w1(2,3)=-1.8626372992e-001; w1(2,4)=8.4074445276e-001; 
w10(3,1)=7.2510593178e-001; w1(3,1)=-5.0718630675e-003; w1(3,2)=-1.1199783517e-001; w1(3,3)=-1.6031733766e-001; w1(3,4)=1.8101955372e-002; 
w10(4,1)=-2.9538064814e-001; w1(4,1)=-1.9271933048e-001; w1(4,2)=-2.9047112553e-001; w1(4,3)=-1.6000818939e+000; w1(4,4)=1.3208543306e+000; 
w10(5,1)=-6.0958663312e-001; w1(5,1)=-4.9327762785e-001; w1(5,2)=-6.8487076920e-001; w1(5,3)=3.5580513016e-001; w1(5,4)=-7.2454481177e-001; 
w20=6.2852003263e-001; w2(1)=-9.2714017739e-001; w2(2)=7.6390500977e-001; w2(3)=-1.1893720468e+000; w2(4)=-1.0864206830e+000; w2(5)=1.4102862750e-001; 

