
%liczba neuronów ukrytych: 8, liczba wejœæ sieci: 4
%wejœcie 1: u(k-3)
%wejœcie 2: u(k-4)
%wejœcie 3: y(k-1)
%wejœcie 4: y(k-2)
%uczenie w trybie OE
w10(1,1)=2.1618566415e-001; w1(1,1)=-3.0794960486e-001; w1(1,2)=9.2794511897e-001; w1(1,3)=6.4590257857e-001; w1(1,4)=-4.8335342555e-001; 
w10(2,1)=6.4055322299e-002; w1(2,1)=2.7109320517e-001; w1(2,2)=-8.0816364893e-001; w1(2,3)=-6.2548782161e-001; w1(2,4)=1.0601896936e+000; 
w10(3,1)=1.3351979486e-001; w1(3,1)=-5.3512086168e-001; w1(3,2)=3.7422483352e-001; w1(3,3)=5.8818060473e-001; w1(3,4)=-7.0577976124e-001; 
w10(4,1)=3.4996932027e-001; w1(4,1)=-4.5993778882e-001; w1(4,2)=7.5390087973e-001; w1(4,3)=2.4936192358e-001; w1(4,4)=-5.5753216152e-001; 
w10(5,1)=-6.3268970508e-001; w1(5,1)=5.4192927517e-001; w1(5,2)=2.1410440331e-001; w1(5,3)=3.9730476171e-001; w1(5,4)=-4.0469396372e-002; 
w10(6,1)=2.3968114959e-002; w1(6,1)=1.6963781325e-001; w1(6,2)=-8.1502665851e-002; w1(6,3)=-5.4861384661e-001; w1(6,4)=2.3252239280e-001; 
w10(7,1)=-9.3404394330e-002; w1(7,1)=1.2050168254e+000; w1(7,2)=-2.5114059267e-001; w1(7,3)=-5.7452876635e-001; w1(7,4)=6.0974393258e-001; 
w10(8,1)=1.2310266351e-001; w1(8,1)=1.4922446380e-001; w1(8,2)=-4.3104423565e-001; w1(8,3)=1.7112412537e-001; w1(8,4)=1.3913219521e-001; 
w20=1.1546750832e-002; w2(1)=5.3147944598e-001; w2(2)=-6.5581034196e-001; w2(3)=-7.5837208815e-001; w2(4)=-2.1602548551e-001; w2(5)=2.3533610512e-001; w2(6)=-1.2986219425e+000; w2(7)=-3.0414581264e-001; w2(8)=1.8378590040e+000; 

