
%liczba neuronów ukrytych: 6, liczba wejœæ sieci: 4
%wejœcie 1: u(k-3)
%wejœcie 2: u(k-4)
%wejœcie 3: y(k-1)
%wejœcie 4: y(k-2)
%uczenie w trybie OE
w10(1,1)=-6.9592260699e-002; w1(1,1)=2.3784380522e-001; w1(1,2)=5.7418699370e-001; w1(1,3)=1.0020040132e-001; w1(1,4)=-3.1877062215e-002; 
w10(2,1)=8.6190856019e-002; w1(2,1)=2.9520155272e-001; w1(2,2)=2.3886521151e-001; w1(2,3)=2.8906001572e-001; w1(2,4)=2.0084713806e-001; 
w10(3,1)=-1.4384234589e+000; w1(3,1)=1.5940404015e-001; w1(3,2)=3.4668503196e-001; w1(3,3)=3.2579865428e-001; w1(3,4)=8.3599814258e-001; 
w10(4,1)=-4.7995276043e-001; w1(4,1)=5.0321323020e-002; w1(4,2)=-1.1200799714e-001; w1(4,3)=-1.1390480494e-001; w1(4,4)=-3.2216164527e-001; 
w10(5,1)=1.0885127785e-001; w1(5,1)=1.3376963707e-001; w1(5,2)=1.8066823521e-001; w1(5,3)=-1.7624178412e-001; w1(5,4)=6.1129392139e-001; 
w10(6,1)=7.5660542265e-002; w1(6,1)=-1.1969255318e-001; w1(6,2)=-3.8659654013e-001; w1(6,3)=1.3298093743e+000; w1(6,4)=-1.2268547159e+000; 
w20=-2.4664105195e-001; w2(1)=3.9988667853e-001; w2(2)=-4.9088030245e-001; w2(3)=3.7402266728e-001; w2(4)=-8.6670696419e-001; w2(5)=1.5017625364e+000; w2(6)=1.3402801286e+000; 

