
%liczba neuronów ukrytych: 6, liczba wejœæ sieci: 4
%wejœcie 1: u(k-3)
%wejœcie 2: u(k-4)
%wejœcie 3: y(k-1)
%wejœcie 4: y(k-2)
%uczenie w trybie OE
w10(1,1)=5.2430021809e-001; w1(1,1)=-4.9076837980e-002; w1(1,2)=-6.4661730769e-001; w1(1,3)=-3.6756458804e-001; w1(1,4)=6.6136987556e-001; 
w10(2,1)=-6.9309902181e-001; w1(2,1)=1.1151702128e-001; w1(2,2)=-5.2388489227e-001; w1(2,3)=-9.4354244021e-001; w1(2,4)=5.7766395121e-001; 
w10(3,1)=2.5643816276e-001; w1(3,1)=1.1828971439e+000; w1(3,2)=1.4504077797e+000; w1(3,3)=-4.2701388889e-001; w1(3,4)=5.8863630306e-001; 
w10(4,1)=6.6609909565e-001; w1(4,1)=-1.1138627266e-001; w1(4,2)=1.7010943894e-001; w1(4,3)=-7.7947388003e-001; w1(4,4)=2.7884504178e-001; 
w10(5,1)=-9.2436349393e-001; w1(5,1)=-1.5725916725e-001; w1(5,2)=3.9832297831e-001; w1(5,3)=-8.4221735080e-001; w1(5,4)=1.6410681988e-001; 
w10(6,1)=4.2404199631e-001; w1(6,1)=3.0840031150e-001; w1(6,2)=-1.5731667283e-001; w1(6,3)=1.6502712287e-001; w1(6,4)=-5.2709536055e-001; 
w20=3.2302095895e-001; w2(1)=-2.5116170380e-001; w2(2)=-4.2221523088e-001; w2(3)=3.0610609550e-002; w2(4)=-1.3859817138e+000; w2(5)=-8.0283933335e-001; w2(6)=-6.0051637729e-001; 

