
%liczba neuronów ukrytych: 5, liczba wejœæ sieci: 4
%wejœcie 1: u(k-3)
%wejœcie 2: u(k-4)
%wejœcie 3: y(k-1)
%wejœcie 4: y(k-2)
%uczenie w trybie OE
w10(1,1)=-2.4564879235e-001; w1(1,1)=4.6043253089e-002; w1(1,2)=9.2109283824e-003; w1(1,3)=3.2864228915e-001; w1(1,4)=1.0695524616e-002; 
w10(2,1)=5.2703382177e-001; w1(2,1)=5.9258539686e-001; w1(2,2)=1.2579494037e+000; w1(2,3)=1.3623453644e-001; w1(2,4)=-3.2323981236e-001; 
w10(3,1)=4.4154150384e-001; w1(3,1)=-1.7328459552e-001; w1(3,2)=5.6928416560e-002; w1(3,3)=-5.7042079932e-001; w1(3,4)=1.8068544133e+000; 
w10(4,1)=-3.5726252339e-001; w1(4,1)=7.8752040021e-002; w1(4,2)=-1.6643946796e-002; w1(4,3)=-6.4235404362e-001; w1(4,4)=1.8963235839e-001; 
w10(5,1)=-3.2140272535e-001; w1(5,1)=-4.2868795625e-001; w1(5,2)=-1.1448529252e+000; w1(5,3)=1.7449464230e-001; w1(5,4)=-9.4302526430e-002; 
w20=1.7283609309e-002; w2(1)=1.7047931238e+000; w2(2)=1.4090741052e-001; w2(3)=-9.2851348817e-002; w2(4)=-1.2635944238e+000; w2(5)=2.2346813255e-001; 

