
%liczba neuronów ukrytych: 7, liczba wejœæ sieci: 4
%wejœcie 1: u(k-3)
%wejœcie 2: u(k-4)
%wejœcie 3: y(k-1)
%wejœcie 4: y(k-2)
%uczenie w trybie OE
w10(1,1)=-3.8685964577e-001; w1(1,1)=5.4221452735e-001; w1(1,2)=2.1942119605e+000; w1(1,3)=5.2542226477e-001; w1(1,4)=-1.0449900060e+000; 
w10(2,1)=-8.0566872843e-001; w1(2,1)=3.3054621601e-001; w1(2,2)=-3.2780325447e-001; w1(2,3)=-1.8992013656e-001; w1(2,4)=1.3243064795e+000; 
w10(3,1)=-4.5325738842e-001; w1(3,1)=-1.1436703337e-001; w1(3,2)=1.5887467300e-001; w1(3,3)=-4.2479833185e-001; w1(3,4)=3.9392213672e-002; 
w10(4,1)=-7.2810217057e-001; w1(4,1)=-2.6788140695e-001; w1(4,2)=9.8658979259e-002; w1(4,3)=-7.4479011782e-002; w1(4,4)=-5.0477992299e-001; 
w10(5,1)=-6.0176052730e-001; w1(5,1)=4.3185677997e-001; w1(5,2)=-2.2295494195e-001; w1(5,3)=-1.5520221956e-001; w1(5,4)=4.8365031674e-001; 
w10(6,1)=1.5286341658e-001; w1(6,1)=1.1528764685e+000; w1(6,2)=9.5705353929e-001; w1(6,3)=-3.7152889733e-002; w1(6,4)=5.8405190130e-001; 
w10(7,1)=-2.0985293827e-001; w1(7,1)=6.4701761932e-001; w1(7,2)=-4.8725238817e-001; w1(7,3)=-1.6744317600e+000; w1(7,4)=1.3511878416e+000; 
w20=-4.1387185126e-001; w2(1)=-1.3577196694e-002; w2(2)=2.1654865785e-001; w2(3)=-1.0987826126e+000; w2(4)=-4.1632076531e-001; w2(5)=5.5303755496e-001; w2(6)=-2.3544593694e-002; w2(7)=-6.2516653072e-001; 

