
%liczba neuronów ukrytych: 4, liczba wejœæ sieci: 4
%wejœcie 1: u(k-3)
%wejœcie 2: u(k-4)
%wejœcie 3: y(k-1)
%wejœcie 4: y(k-2)
%uczenie w trybie OE
w10(1,1)=2.1946864890e-001; w1(1,1)=1.7389547676e+000; w1(1,2)=4.8292277114e-001; w1(1,3)=-1.2342772482e+000; w1(1,4)=1.0936789178e+000; 
w10(2,1)=-1.2902715750e+000; w1(2,1)=-2.9480743590e-001; w1(2,2)=1.4801727964e-001; w1(2,3)=-1.5624083406e+000; w1(2,4)=2.2348824730e+000; 
w10(3,1)=-2.2131572390e+000; w1(3,1)=-1.9239420549e+000; w1(3,2)=-5.1184939080e+000; w1(3,3)=2.7258789366e+000; w1(3,4)=1.1585958887e+000; 
w10(4,1)=2.5463748333e-001; w1(4,1)=-1.1208587772e-002; w1(4,2)=2.1718989480e-002; w1(4,3)=3.9699607797e-001; w1(4,4)=-1.0200303517e-001; 
w20=-3.3771536477e-001; w2(1)=7.0132311051e-002; w2(2)=4.9019156053e-001; w2(3)=5.0945871883e-003; w2(4)=3.0024259486e+000; 

