
%liczba neuronów ukrytych: 9, liczba wejœæ sieci: 4
%wejœcie 1: u(k-3)
%wejœcie 2: u(k-4)
%wejœcie 3: y(k-1)
%wejœcie 4: y(k-2)
%uczenie w trybie ARX
w10(1,1)=2.0964474891e-001; w1(1,1)=1.8248921367e-002; w1(1,2)=1.4964358377e-001; w1(1,3)=-1.9534118094e-001; w1(1,4)=-2.1667159407e-002; 
w10(2,1)=7.7746060710e-001; w1(2,1)=2.0981150777e-002; w1(2,2)=4.1374952017e-002; w1(2,3)=3.3140344594e-001; w1(2,4)=1.1987671317e-001; 
w10(3,1)=2.2542533268e-001; w1(3,1)=1.3665048107e-002; w1(3,2)=1.4510101215e-001; w1(3,3)=-1.0664661868e-001; w1(3,4)=-1.1112075671e-001; 
w10(4,1)=-2.1501432224e-002; w1(4,1)=2.9349066217e-001; w1(4,2)=5.0886031275e-001; w1(4,3)=-5.6796453984e-001; w1(4,4)=3.2091578317e-001; 
w10(5,1)=-6.7174492067e-001; w1(5,1)=8.5267149456e-002; w1(5,2)=-1.6186549525e-001; w1(5,3)=-3.2158878403e-001; w1(5,4)=5.4519758930e-002; 
w10(6,1)=-2.3074046866e-001; w1(6,1)=-3.1816016461e-002; w1(6,2)=-1.6918315559e-001; w1(6,3)=2.7988117554e-001; w1(6,4)=-3.0982166531e-002; 
w10(7,1)=4.1269147940e-001; w1(7,1)=4.1161763909e-003; w1(7,2)=2.2301482777e-001; w1(7,3)=-3.2116327128e-001; w1(7,4)=-4.4455281362e-001; 
w10(8,1)=-6.8578114062e-001; w1(8,1)=4.1647627233e-002; w1(8,2)=1.5944939200e-001; w1(8,3)=5.8807222998e-001; w1(8,4)=-1.7290681661e-001; 
w10(9,1)=7.2534060211e-002; w1(9,1)=3.2491214053e-001; w1(9,2)=4.7136759625e-001; w1(9,3)=1.3549898518e-001; w1(9,4)=-4.4247704320e-001; 
w20=8.2378376757e-002; w2(1)=-3.8363442842e-001; w2(2)=8.1631781421e-001; w2(3)=-4.2131187064e-001; w2(4)=-7.1030555286e-001; w2(5)=-6.7827781493e-001; w2(6)=4.1536244578e-001; w2(7)=-3.5217785825e-002; w2(8)=1.3280225296e+000; w2(9)=6.1003170449e-001; 

