
%liczba neuronów ukrytych: 9, liczba wejœæ sieci: 4
%wejœcie 1: u(k-3)
%wejœcie 2: u(k-4)
%wejœcie 3: y(k-1)
%wejœcie 4: y(k-2)
%uczenie w trybie ARX
w10(1,1)=-3.8307016548e-001; w1(1,1)=7.8257260104e-003; w1(1,2)=1.3391586811e-001; w1(1,3)=-5.0010341044e-001; w1(1,4)=1.8906671584e-001; 
w10(2,1)=-5.9595829339e-003; w1(2,1)=4.7278116809e-001; w1(2,2)=7.0651935670e-001; w1(2,3)=-4.4322960275e-001; w1(2,4)=2.3737638440e-001; 
w10(3,1)=-1.6026036500e-001; w1(3,1)=-9.5880324300e-002; w1(3,2)=-4.3061757358e-002; w1(3,3)=1.4262352040e-001; w1(3,4)=1.1689686180e-001; 
w10(4,1)=4.0787025896e-001; w1(4,1)=-5.9193339535e-003; w1(4,2)=1.3858925773e-001; w1(4,3)=-5.9250636707e-001; w1(4,4)=-8.0147559653e-002; 
w10(5,1)=-6.8892463853e-002; w1(5,1)=-4.4550952232e-002; w1(5,2)=-2.1709734687e-002; w1(5,3)=2.0806127641e-001; w1(5,4)=5.7715022660e-002; 
w10(6,1)=-1.3186789973e-001; w1(6,1)=5.5259694003e-002; w1(6,2)=-3.9143846688e-002; w1(6,3)=-3.1149404436e-001; w1(6,4)=4.6591347665e-002; 
w10(7,1)=-1.5671974026e-001; w1(7,1)=-8.9277099922e-002; w1(7,2)=6.8623994452e-002; w1(7,3)=1.3069681610e-001; w1(7,4)=6.7862818672e-001; 
w10(8,1)=-8.8718401820e-002; w1(8,1)=-4.5117338951e-001; w1(8,2)=-4.8915596765e-001; w1(8,3)=4.2176542950e-002; w1(8,4)=2.9403754728e-001; 
w10(9,1)=2.7725141276e-001; w1(9,1)=-6.4651665828e-002; w1(9,2)=-2.8796406360e-001; w1(9,3)=-3.2340217140e-001; w1(9,4)=7.2178784270e-002; 
w20=-1.1292944430e-001; w2(1)=-1.0997417311e+000; w2(2)=-3.0030524429e-001; w2(3)=3.7121878121e-001; w2(4)=-5.1061399684e-001; w2(5)=5.4873976831e-001; w2(6)=-9.4639634148e-001; w2(7)=-2.8482415133e-001; w2(8)=-3.6102769516e-001; w2(9)=-7.2933905550e-001; 

