
%liczba neuronów ukrytych: 4, liczba wejœæ sieci: 4
%wejœcie 1: u(k-3)
%wejœcie 2: u(k-4)
%wejœcie 3: y(k-1)
%wejœcie 4: y(k-2)
%uczenie w trybie OE
w10(1,1)=3.3607246645e-001; w1(1,1)=-2.1177863325e-001; w1(1,2)=-1.3118297030e+000; w1(1,3)=4.4619899510e-001; w1(1,4)=-7.0334810464e-001; 
w10(2,1)=-2.5185134684e-001; w1(2,1)=-1.9949759182e-001; w1(2,2)=3.1602569156e-001; w1(2,3)=-7.1179907395e-001; w1(2,4)=8.9955102124e-001; 
w10(3,1)=-4.3602664326e-001; w1(3,1)=-2.8564422445e-001; w1(3,2)=2.0099877312e+000; w1(3,3)=2.3119457984e-001; w1(3,4)=1.3089853271e-001; 
w10(4,1)=1.4712119515e-001; w1(4,1)=1.8253103243e-001; w1(4,2)=-2.3887175594e-001; w1(4,3)=8.8564202849e-001; w1(4,4)=-5.9928983847e-001; 
w20=2.9541664547e-002; w2(1)=3.8048764126e-001; w2(2)=1.5979184460e+000; w2(3)=2.5740453653e-001; w2(4)=2.3760010499e+000; 

