
%liczba neuronów ukrytych: 10, liczba wejœæ sieci: 4
%wejœcie 1: u(k-3)
%wejœcie 2: u(k-4)
%wejœcie 3: y(k-1)
%wejœcie 4: y(k-2)
%uczenie w trybie ARX
w10(1,1)=3.4688986487e-001; w1(1,1)=4.4357513613e-002; w1(1,2)=-6.3617000256e-002; w1(1,3)=4.1520030160e-001; w1(1,4)=-1.6795493719e-001; 
w10(2,1)=7.5777238819e-002; w1(2,1)=-9.4103276668e-002; w1(2,2)=1.8986300273e-001; w1(2,3)=2.1315840696e-001; w1(2,4)=8.7419761161e-002; 
w10(3,1)=3.4657814099e-001; w1(3,1)=-2.0873242932e-002; w1(3,2)=-1.3300834021e-002; w1(3,3)=1.5431611359e-001; w1(3,4)=1.0560221757e-001; 
w10(4,1)=-5.4190379641e-001; w1(4,1)=6.7313189630e-002; w1(4,2)=-2.1345861453e-002; w1(4,3)=-1.5086022482e-001; w1(4,4)=-1.8460036074e-001; 
w10(5,1)=3.3332698581e-002; w1(5,1)=-2.1446509830e-002; w1(5,2)=4.7813973972e-002; w1(5,3)=1.8681739991e-001; w1(5,4)=7.0979622805e-002; 
w10(6,1)=-1.7149628335e-001; w1(6,1)=-3.0438058220e-001; w1(6,2)=-7.1172365338e-002; w1(6,3)=-8.8670076126e-002; w1(6,4)=-4.5503013203e-001; 
w10(7,1)=-5.6879479205e-001; w1(7,1)=-2.0130223153e-001; w1(7,2)=-7.8667416076e-002; w1(7,3)=5.3142056629e-001; w1(7,4)=-1.7662444721e-001; 
w10(8,1)=-4.4631252198e-001; w1(8,1)=4.6649271061e-002; w1(8,2)=-7.4556287347e-003; w1(8,3)=5.2465172454e-001; w1(8,4)=-1.3810639302e-001; 
w10(9,1)=-2.5353764382e-001; w1(9,1)=-5.7180278104e-001; w1(9,2)=-1.1118872640e-001; w1(9,3)=-8.4911729244e-001; w1(9,4)=4.0315704727e-001; 
w10(10,1)=8.7904274112e-002; w1(10,1)=-5.0080241186e-001; w1(10,2)=4.2410421638e-002; w1(10,3)=-1.1996408742e-001; w1(10,4)=4.7060005555e-001; 
w20=-2.0693184061e-001; w2(1)=5.9633912555e-001; w2(2)=4.6064592899e-001; w2(3)=7.0966356973e-001; w2(4)=-8.6577484625e-001; w2(5)=3.8260358272e-001; w2(6)=5.2287766741e-001; w2(7)=7.1452370925e-001; w2(8)=7.6062754600e-001; w2(9)=-3.8991082753e-001; w2(10)=-2.9650086863e-001; 

