
%liczba neuronów ukrytych: 8, liczba wejœæ sieci: 4
%wejœcie 1: u(k-3)
%wejœcie 2: u(k-4)
%wejœcie 3: y(k-1)
%wejœcie 4: y(k-2)
%uczenie w trybie OE
w10(1,1)=-2.3316088504e-001; w1(1,1)=-2.9635101151e-001; w1(1,2)=3.4803484940e-001; w1(1,3)=-5.9580931046e-001; w1(1,4)=4.8483481857e-002; 
w10(2,1)=-5.1920204121e-002; w1(2,1)=1.1224568962e+000; w1(2,2)=1.5184209887e-001; w1(2,3)=-3.8055546261e-001; w1(2,4)=4.5823447715e-001; 
w10(3,1)=-8.2870597046e-001; w1(3,1)=5.8662349094e-002; w1(3,2)=-6.0117156207e-002; w1(3,3)=-9.2573457068e-001; w1(3,4)=2.4729760955e-001; 
w10(4,1)=3.5309571297e-001; w1(4,1)=-1.5714404408e+000; w1(4,2)=-1.9931709872e+000; w1(4,3)=4.2328789657e-002; w1(4,4)=2.9598506031e-001; 
w10(5,1)=-4.9333254984e-001; w1(5,1)=1.3494201785e+000; w1(5,2)=1.3827736076e+000; w1(5,3)=1.3339350075e+000; w1(5,4)=7.0938286976e-001; 
w10(6,1)=5.3649097180e-001; w1(6,1)=-6.5740194884e-002; w1(6,2)=-2.5634652733e-003; w1(6,3)=-6.6206501069e-001; w1(6,4)=-1.4826473306e-001; 
w10(7,1)=-3.1031423942e-001; w1(7,1)=1.1509483821e+000; w1(7,2)=1.9585046987e-001; w1(7,3)=6.8782671233e-001; w1(7,4)=1.4609634381e+000; 
w10(8,1)=1.9898241804e-001; w1(8,1)=4.5529661616e-001; w1(8,2)=-5.4242054460e-001; w1(8,3)=-5.3009038950e-001; w1(8,4)=1.2277163939e+000; 
w20=-3.5022039908e-001; w2(1)=-5.2420350224e-001; w2(2)=-7.5390581284e-002; w2(3)=-9.6812612163e-001; w2(4)=1.0029402233e-002; w2(5)=9.8008249030e-003; w2(6)=-7.9912536878e-001; w2(7)=-1.6162401393e-002; w2(8)=-2.2250797385e-001; 

