
%liczba neuronów ukrytych: 3, liczba wejœæ sieci: 4
%wejœcie 1: u(k-3)
%wejœcie 2: u(k-4)
%wejœcie 3: y(k-1)
%wejœcie 4: y(k-2)
%uczenie w trybie OE
w10(1,1)=-1.9472893395e-001; w1(1,1)=-1.0251980719e+000; w1(1,2)=-1.0985335534e+000; w1(1,3)=3.3257708401e-001; w1(1,4)=-2.4531421703e-002; 
w10(2,1)=-3.8594039288e-001; w1(2,1)=4.1140534164e-001; w1(2,2)=-5.4609460648e-001; w1(2,3)=-1.3424151732e+000; w1(2,4)=1.5588465701e+000; 
w10(3,1)=1.5013748530e-001; w1(3,1)=-1.2910418887e-001; w1(3,2)=1.6359071412e-001; w1(3,3)=6.8351306216e-001; w1(3,4)=-3.8533254861e-001; 
w20=-1.3102503521e-001; w2(1)=-7.0177231527e-002; w2(2)=7.7829925389e-001; w2(3)=2.7122198373e+000; 

