
%liczba neuronów ukrytych: 3, liczba wejœæ sieci: 4
%wejœcie 1: u(k-3)
%wejœcie 2: u(k-4)
%wejœcie 3: y(k-1)
%wejœcie 4: y(k-2)
%uczenie w trybie OE
w10(1,1)=-4.2052261356e-002; w1(1,1)=6.6031952381e-001; w1(1,2)=5.9206382824e-001; w1(1,3)=-3.6519255502e+000; w1(1,4)=3.3321639813e+000; 
w10(2,1)=7.9882584607e-001; w1(2,1)=-3.2697587689e-002; w1(2,2)=1.9227986683e-002; w1(2,3)=1.0174561031e+000; w1(2,4)=-3.8395836529e-001; 
w10(3,1)=-5.8249681781e-001; w1(3,1)=6.4226665049e-002; w1(3,2)=-3.4941935075e-002; w1(3,3)=6.0000663709e-001; w1(3,4)=5.3443422022e-002; 
w20=-2.2376745377e-001; w2(1)=-7.3712270260e-002; w2(2)=1.1843834502e+000; w2(3)=1.0780167454e+000; 

