
%liczba neuronów ukrytych: 6, liczba wejœæ sieci: 4
%wejœcie 1: u(k-3)
%wejœcie 2: u(k-4)
%wejœcie 3: y(k-1)
%wejœcie 4: y(k-2)
%uczenie w trybie OE
w10(1,1)=9.5742327725e-001; w1(1,1)=-9.9902146857e-002; w1(1,2)=1.3229768282e-001; w1(1,3)=-2.3055565767e-002; w1(1,4)=-1.1224075128e+000; 
w10(2,1)=1.4264058519e-001; w1(2,1)=-4.6774834216e-002; w1(2,2)=3.4879653860e-002; w1(2,3)=9.9854624366e-001; w1(2,4)=-4.7128565775e-001; 
w10(3,1)=1.5220205825e+000; w1(3,1)=2.4435183935e-001; w1(3,2)=-1.5444315746e-001; w1(3,3)=3.5715954438e-001; w1(3,4)=5.2299043141e-001; 
w10(4,1)=-7.7473401778e-001; w1(4,1)=-1.2959654815e+000; w1(4,2)=-1.4532832124e+000; w1(4,3)=1.6644914067e-001; w1(4,4)=1.1688009841e+000; 
w10(5,1)=-6.9102456463e-001; w1(5,1)=8.7956409393e-001; w1(5,2)=8.0044635398e-001; w1(5,3)=5.6089419459e-001; w1(5,4)=-4.4112826237e-001; 
w10(6,1)=6.1592388329e-001; w1(6,1)=-8.5242272734e-001; w1(6,2)=-7.9613180036e-001; w1(6,3)=-7.5922976777e-002; w1(6,4)=1.8875760587e-002; 
w20=-3.7441783169e-001; w2(1)=-2.5467084324e-001; w2(2)=1.4956159061e+000; w2(3)=3.8582839429e-001; w2(4)=6.4932913226e-003; w2(5)=-7.6157763866e-001; w2(6)=-8.2194669286e-001; 

