
%liczba neuronów ukrytych: 10, liczba wejœæ sieci: 4
%wejœcie 1: u(k-3)
%wejœcie 2: u(k-4)
%wejœcie 3: y(k-1)
%wejœcie 4: y(k-2)
%uczenie w trybie OE
w10(1,1)=-4.8497066943e-001; w1(1,1)=-2.6604419147e-001; w1(1,2)=1.3066357653e+000; w1(1,3)=-2.3831337795e-001; w1(1,4)=8.6977136694e-001; 
w10(2,1)=-1.8979611799e-001; w1(2,1)=-1.0290709112e+000; w1(2,2)=-2.4984176770e-001; w1(2,3)=-1.0938705790e-001; w1(2,4)=3.5145632785e-001; 
w10(3,1)=-2.4323713518e-001; w1(3,1)=1.7509931729e-001; w1(3,2)=-1.3483660935e-001; w1(3,3)=-1.1435305766e-001; w1(3,4)=-5.9652238531e-001; 
w10(4,1)=6.8357163947e-001; w1(4,1)=-3.9258538195e-001; w1(4,2)=1.8934465802e-001; w1(4,3)=-3.7136047255e-002; w1(4,4)=7.2520627675e-001; 
w10(5,1)=-1.8477540684e-001; w1(5,1)=-5.3442490936e-001; w1(5,2)=-2.5728553846e+000; w1(5,3)=4.7612619198e-001; w1(5,4)=1.2240522335e-001; 
w10(6,1)=1.4535769641e+000; w1(6,1)=-4.3840949679e-001; w1(6,2)=5.1425583811e-001; w1(6,3)=-6.9035544941e-002; w1(6,4)=7.8588982341e-001; 
w10(7,1)=3.4773358918e-001; w1(7,1)=1.7205210097e-001; w1(7,2)=-1.9384675032e-001; w1(7,3)=-2.3806025859e-001; w1(7,4)=-1.7865645130e-001; 
w10(8,1)=-7.9784001665e-002; w1(8,1)=-2.2528504977e-001; w1(8,2)=1.2954429914e-001; w1(8,3)=-9.0607351436e-001; w1(8,4)=5.4986202598e-001; 
w10(9,1)=-2.5729456085e-001; w1(9,1)=-9.1251596451e-001; w1(9,2)=-5.3217871455e-001; w1(9,3)=6.4273456872e-002; w1(9,4)=2.8683529674e-001; 
w10(10,1)=5.1111512503e-001; w1(10,1)=5.0195837436e-001; w1(10,2)=-1.4504724543e-001; w1(10,3)=-1.7246673408e-001; w1(10,4)=-3.3782652792e-001; 
w20=6.0812123155e-002; w2(1)=-5.3989685887e-002; w2(2)=-3.1132800461e-001; w2(3)=2.5568802936e-001; w2(4)=3.4994439896e-001; w2(5)=-1.2206211160e-002; w2(6)=2.0660653661e-001; w2(7)=-9.5981783611e-001; w2(8)=-1.2738491165e+000; w2(9)=2.0887718821e-001; w2(10)=-4.3684075166e-001; 

