
%liczba neuronów ukrytych: 8, liczba wejœæ sieci: 4
%wejœcie 1: u(k-3)
%wejœcie 2: u(k-4)
%wejœcie 3: y(k-1)
%wejœcie 4: y(k-2)
%uczenie w trybie OE
w10(1,1)=2.5152299382e-001; w1(1,1)=2.9853125025e-001; w1(1,2)=-4.7829337942e-002; w1(1,3)=-2.1018904638e-001; w1(1,4)=-1.6336464957e-002; 
w10(2,1)=-1.4732162292e-001; w1(2,1)=-1.0094073966e+000; w1(2,2)=-2.7295486144e-001; w1(2,3)=3.3138652161e-001; w1(2,4)=1.2614489109e+000; 
w10(3,1)=-7.5314839959e-001; w1(3,1)=1.7320670078e-001; w1(3,2)=-4.0081400907e-001; w1(3,3)=-2.7035464888e-001; w1(3,4)=6.6597856647e-002; 
w10(4,1)=-6.2482491451e-001; w1(4,1)=-4.5431390712e-001; w1(4,2)=-9.0774812348e-001; w1(4,3)=3.1974711284e-001; w1(4,4)=3.1225283508e-001; 
w10(5,1)=1.2929153898e-001; w1(5,1)=6.8505686454e-001; w1(5,2)=-4.7525483095e-001; w1(5,3)=2.0296280604e+000; w1(5,4)=-1.6563514572e+000; 
w10(6,1)=5.9073514189e-001; w1(6,1)=4.8584698324e-001; w1(6,2)=9.5972891252e-001; w1(6,3)=-5.9362872593e-001; w1(6,4)=-6.4529697636e-002; 
w10(7,1)=8.7799809509e-001; w1(7,1)=5.4533863368e-001; w1(7,2)=-6.0501829367e-001; w1(7,3)=2.4275282459e-001; w1(7,4)=-9.5646763875e-001; 
w10(8,1)=-5.2081700737e-001; w1(8,1)=2.1475600053e-001; w1(8,2)=-6.4398402769e-002; w1(8,3)=3.4304963632e-001; w1(8,4)=-7.4155500637e-001; 
w20=-6.4967474712e-001; w2(1)=-4.8995128313e-001; w2(2)=-2.9827550585e-003; w2(3)=-8.4739233605e-001; w2(4)=7.2621369673e-001; w2(5)=8.4888623277e-001; w2(6)=6.4224261598e-001; w2(7)=-3.9385994669e-001; w2(8)=-9.6358443512e-001; 

