
%liczba neuronów ukrytych: 5, liczba wejœæ sieci: 4
%wejœcie 1: u(k-3)
%wejœcie 2: u(k-4)
%wejœcie 3: y(k-1)
%wejœcie 4: y(k-2)
%uczenie w trybie OE
w10(1,1)=1.0435371853e+000; w1(1,1)=-3.7902301343e-001; w1(1,2)=6.1603373742e-001; w1(1,3)=4.1426432856e-001; w1(1,4)=-1.3742022707e+000; 
w10(2,1)=-9.7231491808e-001; w1(2,1)=-1.0323327781e-001; w1(2,2)=1.1733653968e-001; w1(2,3)=-4.9199348962e-002; w1(2,4)=-5.9112351592e-001; 
w10(3,1)=1.0671825353e-001; w1(3,1)=-4.5863768889e-001; w1(3,2)=1.1255697809e+000; w1(3,3)=-1.5343970719e+000; w1(3,4)=1.6527264492e+000; 
w10(4,1)=1.0477777381e-001; w1(4,1)=-3.4381520171e-001; w1(4,2)=9.8100031790e-001; w1(4,3)=7.7958865962e-001; w1(4,4)=-5.8418431336e-001; 
w10(5,1)=1.2998378874e-001; w1(5,1)=7.0781431517e-002; w1(5,2)=-6.6323011767e-002; w1(5,3)=-1.2171285205e-003; w1(5,4)=-5.0339756696e-001; 
w20=-2.7519452551e-001; w2(1)=-3.5221925900e-001; w2(2)=-8.7552526955e-001; w2(3)=-5.6894246108e-001; w2(4)=7.8448778440e-001; w2(5)=-9.9145892185e-001; 

