
%liczba neuronów ukrytych: 3, liczba wejœæ sieci: 4
%wejœcie 1: u(k-3)
%wejœcie 2: u(k-4)
%wejœcie 3: y(k-1)
%wejœcie 4: y(k-2)
%uczenie w trybie OE
w10(1,1)=7.8538164297e-002; w1(1,1)=-1.1249885173e-001; w1(1,2)=-2.1595235448e-001; w1(1,3)=2.6818895701e+000; w1(1,4)=-2.4595373081e+000; 
w10(2,1)=-9.5652334834e-001; w1(2,1)=1.8168028161e-001; w1(2,2)=-1.5506402736e-001; w1(2,3)=1.1875111457e+000; w1(2,4)=-1.8273644552e+000; 
w10(3,1)=3.0226460928e-001; w1(3,1)=-4.5786719303e-002; w1(3,2)=-4.5929197249e-002; w1(3,3)=3.8942961115e-001; w1(3,4)=-6.2445136321e-001; 
w20=6.3346198847e-001; w2(1)=1.0058254277e+000; w2(2)=-2.5807439599e-001; w2(3)=-3.0815454424e+000; 

