
%liczba neuronów ukrytych: 5, liczba wejœæ sieci: 4
%wejœcie 1: u(k-3)
%wejœcie 2: u(k-4)
%wejœcie 3: y(k-1)
%wejœcie 4: y(k-2)
%uczenie w trybie OE
w10(1,1)=-8.8649996897e-002; w1(1,1)=4.4888512433e-001; w1(1,2)=1.8283657523e+000; w1(1,3)=4.4450126906e-001; w1(1,4)=-1.9106649560e-001; 
w10(2,1)=-2.1795361332e-001; w1(2,1)=-1.0196497215e-002; w1(2,2)=9.2086329555e-002; w1(2,3)=-1.1111965191e+000; w1(2,4)=7.7427021685e-001; 
w10(3,1)=-2.7152486093e-001; w1(3,1)=1.3989125772e+000; w1(3,2)=-2.4640310024e+000; w1(3,3)=-2.1552479466e+000; w1(3,4)=5.9137459910e-001; 
w10(4,1)=-1.5339734202e-001; w1(4,1)=1.0360293335e+000; w1(4,2)=-7.9953614469e-001; w1(4,3)=-1.7111538987e+000; w1(4,4)=2.2223874125e+000; 
w10(5,1)=2.2757291388e-001; w1(5,1)=-1.0496036067e+000; w1(5,2)=1.2966275745e+000; w1(5,3)=-7.5709449684e-001; w1(5,4)=1.0879309900e+000; 
w20=-4.6272673983e-001; w2(1)=-7.0874000514e-002; w2(2)=-2.0272211397e+000; w2(3)=1.0784916758e-001; w2(4)=4.8943552812e-001; w2(5)=5.5512738617e-001; 

