
%liczba neuronów ukrytych: 4, liczba wejœæ sieci: 4
%wejœcie 1: u(k-3)
%wejœcie 2: u(k-4)
%wejœcie 3: y(k-1)
%wejœcie 4: y(k-2)
%uczenie w trybie OE
w10(1,1)=1.3166434274e+000; w1(1,1)=1.1399519762e-001; w1(1,2)=-2.0909836445e-001; w1(1,3)=8.7552295703e-001; w1(1,4)=1.8569478817e-001; 
w10(2,1)=3.2174225956e-001; w1(2,1)=-1.8023514408e-002; w1(2,2)=6.5638598664e-002; w1(2,3)=-7.6612900325e-001; w1(2,4)=1.4974399671e-001; 
w10(3,1)=-9.4265018515e-001; w1(3,1)=-5.0219467868e-001; w1(3,2)=1.3674042970e+000; w1(3,3)=2.5105666158e+000; w1(3,4)=-2.2293279012e+000; 
w10(4,1)=-7.3385004672e-001; w1(4,1)=-4.2102286683e-001; w1(4,2)=1.1942983741e+000; w1(4,3)=1.6070534699e+000; w1(4,4)=-1.5193449197e+000; 
w20=9.7667541799e-002; w2(1)=4.9685223549e-001; w2(2)=-1.5673512583e+000; w2(3)=-9.3566670632e-001; w2(4)=1.1666033339e+000; 

