
%liczba neuronów ukrytych: 2, liczba wejœæ sieci: 4
%wejœcie 1: u(k-3)
%wejœcie 2: u(k-4)
%wejœcie 3: y(k-1)
%wejœcie 4: y(k-2)
%uczenie w trybie OE
w10(1,1)=-2.7325694658e-001; w1(1,1)=1.6907849508e-002; w1(1,2)=-5.4205345712e-002; w1(1,3)=-3.6468508835e-001; w1(1,4)=-1.6436423599e-001; 
w10(2,1)=4.2354015499e-001; w1(2,1)=-2.1455412387e+000; w1(2,2)=-4.4449372199e+000; w1(2,3)=1.4714737493e+001; w1(2,4)=-1.1985612450e+001; 
w20=-4.7064088405e-001; w2(1)=-1.8265278438e+000; w2(2)=-4.4170126062e-002; 

