
%liczba neuronów ukrytych: 9, liczba wejœæ sieci: 4
%wejœcie 1: u(k-3)
%wejœcie 2: u(k-4)
%wejœcie 3: y(k-1)
%wejœcie 4: y(k-2)
%uczenie w trybie OE
w10(1,1)=8.9134627959e-003; w1(1,1)=2.5368313961e-001; w1(1,2)=8.8471373532e-001; w1(1,3)=-8.4225453977e-001; w1(1,4)=9.0323982841e-001; 
w10(2,1)=-6.8221837615e-001; w1(2,1)=4.7242730000e-001; w1(2,2)=-3.9134698777e-001; w1(2,3)=6.9015793673e-001; w1(2,4)=-1.1921277718e+000; 
w10(3,1)=8.2726632739e-001; w1(3,1)=5.4391062966e-002; w1(3,2)=-3.5264336191e-002; w1(3,3)=-5.2026243839e-001; w1(3,4)=-4.0759580997e-001; 
w10(4,1)=-2.3203220347e-001; w1(4,1)=-4.6838402304e-001; w1(4,2)=-1.2079302060e+000; w1(4,3)=8.7710290386e-001; w1(4,4)=-1.0973807734e+000; 
w10(5,1)=6.0399285828e-001; w1(5,1)=-9.7387274223e-002; w1(5,2)=1.2631244750e-001; w1(5,3)=7.5255216871e-001; w1(5,4)=-3.7571238040e-001; 
w10(6,1)=-1.8491932692e-002; w1(6,1)=4.8141072956e-001; w1(6,2)=-8.4802627354e-001; w1(6,3)=7.7628495550e-002; w1(6,4)=-4.0152577295e-001; 
w10(7,1)=-2.6778716491e-001; w1(7,1)=9.2906456442e-001; w1(7,2)=-1.1683157493e+000; w1(7,3)=1.0987630748e+000; w1(7,4)=-7.3483916276e-001; 
w10(8,1)=-2.3957984233e-001; w1(8,1)=4.1230172841e-001; w1(8,2)=1.1399388589e+000; w1(8,3)=-9.0088332026e-001; w1(8,4)=6.5504725426e-001; 
w10(9,1)=-6.4148225163e-001; w1(9,1)=-1.2607513253e-001; w1(9,2)=9.2217703358e-002; w1(9,3)=-7.6537222642e-001; w1(9,4)=3.6987634912e-001; 
w20=-7.9221615461e-001; w2(1)=-3.2158815535e-001; w2(2)=-2.0197558165e-001; w2(3)=-4.2929743506e-001; w2(4)=-1.2653954382e-001; w2(5)=9.1458374939e-001; w2(6)=-3.2686790178e-001; w2(7)=2.4679081023e-001; w2(8)=1.1523386994e-001; w2(9)=-9.3613945409e-001; 

