
%liczba neuronów ukrytych: 3, liczba wejœæ sieci: 4
%wejœcie 1: u(k-3)
%wejœcie 2: u(k-4)
%wejœcie 3: y(k-1)
%wejœcie 4: y(k-2)
%uczenie w trybie OE
w10(1,1)=4.3405927485e-001; w1(1,1)=-6.4063708832e-003; w1(1,2)=-8.8970403000e-004; w1(1,3)=7.0387167687e-001; w1(1,4)=-2.8020371661e-001; 
w10(2,1)=-1.0510273764e+000; w1(2,1)=1.5641168865e-001; w1(2,2)=-1.2567594758e-001; w1(2,3)=-3.7280824377e-003; w1(2,4)=8.0564918664e-001; 
w10(3,1)=6.9186810679e-002; w1(3,1)=-1.7120298199e+000; w1(3,2)=-7.2286681079e-001; w1(3,3)=-7.2627395313e-001; w1(3,4)=6.5179959709e-001; 
w20=-4.1318416044e-001; w2(1)=2.1403337436e+000; w2(2)=5.9387052114e-001; w2(3)=4.1446101831e-002; 

