
%liczba neuronów ukrytych: 3, liczba wejœæ sieci: 4
%wejœcie 1: u(k-3)
%wejœcie 2: u(k-4)
%wejœcie 3: y(k-1)
%wejœcie 4: y(k-2)
%uczenie w trybie OE
w10(1,1)=-7.8997246642e-001; w1(1,1)=8.5706702566e-002; w1(1,2)=-6.4741820293e-002; w1(1,3)=-4.4065286886e-001; w1(1,4)=-8.5729766912e-002; 
w10(2,1)=-6.8773899189e-002; w1(2,1)=-8.6790602672e-001; w1(2,2)=4.6469177410e-001; w1(2,3)=-3.6528946174e+000; w1(2,4)=3.3190756162e+000; 
w10(3,1)=-6.2851133466e-001; w1(3,1)=-1.4384965279e-001; w1(3,2)=8.0934212365e-002; w1(3,3)=2.4406004050e-001; w1(3,4)=2.7353850990e-001; 
w20=-1.1457375047e-001; w2(1)=-1.2977887444e+000; w2(2)=-2.9851368852e-001; w2(3)=1.3650373396e+000; 

