
%liczba neuronów ukrytych: 3, liczba wejœæ sieci: 4
%wejœcie 1: u(k-3)
%wejœcie 2: u(k-4)
%wejœcie 3: y(k-1)
%wejœcie 4: y(k-2)
%uczenie w trybie OE
w10(1,1)=-7.9026644530e-001; w1(1,1)=9.6747387943e-001; w1(1,2)=-7.7274495191e-001; w1(1,3)=5.3019627454e+000; w1(1,4)=-5.4064105426e+000; 
w10(2,1)=-6.8546779116e-002; w1(2,1)=4.9524139145e-002; w1(2,2)=-4.2207041817e-002; w1(2,3)=-1.1359422497e-001; w1(2,4)=-1.4566675063e-001; 
w10(3,1)=-4.0176885830e-001; w1(3,1)=-1.6684051703e+000; w1(3,2)=-7.2409236116e-001; w1(3,3)=1.8215453515e+000; w1(3,4)=-1.4649904256e+000; 
w20=-1.4759547913e-001; w2(1)=2.0030349512e-001; w2(2)=-3.7007038949e+000; w2(3)=-6.9081463136e-002; 

