
%liczba neuronów ukrytych: 10, liczba wejœæ sieci: 4
%wejœcie 1: u(k-3)
%wejœcie 2: u(k-4)
%wejœcie 3: y(k-1)
%wejœcie 4: y(k-2)
%uczenie w trybie OE
w10(1,1)=-6.7443951350e-002; w1(1,1)=3.1824093907e-001; w1(1,2)=-6.8096323683e-001; w1(1,3)=-1.2540211529e-001; w1(1,4)=-5.0720908806e-001; 
w10(2,1)=-1.3930649062e-001; w1(2,1)=4.7633181254e-001; w1(2,2)=-8.0048830989e-001; w1(2,3)=8.7777653238e-001; w1(2,4)=-1.5128691323e+000; 
w10(3,1)=5.5831063976e-001; w1(3,1)=-9.4375025288e-002; w1(3,2)=3.4660418766e-001; w1(3,3)=-4.0406994438e-001; w1(3,4)=7.8340075600e-002; 
w10(4,1)=1.6025630420e-002; w1(4,1)=1.0539256866e-001; w1(4,2)=1.0665983860e-001; w1(4,3)=3.8204715569e-001; w1(4,4)=-1.2750485467e-001; 
w10(5,1)=-2.8480629378e-001; w1(5,1)=5.9685025500e-002; w1(5,2)=3.9113116664e-001; w1(5,3)=1.2158374884e-001; w1(5,4)=4.4798013220e-001; 
w10(6,1)=2.9864616722e-002; w1(6,1)=-5.5536123698e-001; w1(6,2)=-8.2028419405e-001; w1(6,3)=5.0385913942e-002; w1(6,4)=-1.2932244490e-001; 
w10(7,1)=3.0106721691e-002; w1(7,1)=2.3918981346e-001; w1(7,2)=-1.0086517554e-001; w1(7,3)=-9.3275360050e-002; w1(7,4)=-2.3701191479e-001; 
w10(8,1)=-1.2747130817e-001; w1(8,1)=3.9378938220e-001; w1(8,2)=6.5282410468e-001; w1(8,3)=-2.8068984460e-001; w1(8,4)=6.2850330967e-001; 
w10(9,1)=6.1705063561e-001; w1(9,1)=1.9994466891e-001; w1(9,2)=-3.1781555569e-001; w1(9,3)=3.0938843134e-001; w1(9,4)=1.7861048580e-001; 
w10(10,1)=-2.5189981938e-001; w1(10,1)=2.6925357122e-001; w1(10,2)=-5.3982027685e-001; w1(10,3)=1.9904539726e-001; w1(10,4)=-4.6991596054e-001; 
w20=1.2986588284e-001; w2(1)=-5.8421910534e-001; w2(2)=6.2334590936e-001; w2(3)=-8.9067020373e-001; w2(4)=1.0733906382e+000; w2(5)=1.2635021737e-001; w2(6)=-2.0882087178e-001; w2(7)=-7.1144092033e-001; w2(8)=-3.2286822813e-001; w2(9)=4.5294622629e-001; w2(10)=-5.0365280617e-001; 

