
%liczba neuronów ukrytych: 3, liczba wejœæ sieci: 4
%wejœcie 1: u(k-3)
%wejœcie 2: u(k-4)
%wejœcie 3: y(k-1)
%wejœcie 4: y(k-2)
%uczenie w trybie OE
w10(1,1)=-1.7429745012e-001; w1(1,1)=-7.0449662955e-001; w1(1,2)=-1.7461996122e-001; w1(1,3)=1.5115899457e+000; w1(1,4)=-1.4548406729e+000; 
w10(2,1)=-6.1178289985e-001; w1(2,1)=-6.8234381902e-001; w1(2,2)=8.3239920156e-002; w1(2,3)=1.0612073689e+000; w1(2,4)=-5.6625543489e-001; 
w10(3,1)=-3.0304969765e-002; w1(3,1)=2.6133728262e-002; w1(3,2)=-1.2041952173e-002; w1(3,3)=2.7042918592e-001; w1(3,4)=2.3998493093e-002; 
w20=1.5678389673e-002; w2(1)=3.1244233418e-001; w2(2)=-2.6145273836e-001; w2(3)=3.4327609696e+000; 

