
%liczba neuronów ukrytych: 9, liczba wejœæ sieci: 4
%wejœcie 1: u(k-3)
%wejœcie 2: u(k-4)
%wejœcie 3: y(k-1)
%wejœcie 4: y(k-2)
%uczenie w trybie ARX
w10(1,1)=-4.5875030027e-001; w1(1,1)=-1.4745487940e-002; w1(1,2)=-1.5892739980e-001; w1(1,3)=-6.1488344131e-002; w1(1,4)=-4.5029801116e-001; 
w10(2,1)=-5.6065263970e-002; w1(2,1)=-1.0020582246e-001; w1(2,2)=-4.1640304416e-001; w1(2,3)=3.5973939838e-001; w1(2,4)=1.5929750400e-001; 
w10(3,1)=-1.2008284344e-001; w1(3,1)=4.1376852585e-002; w1(3,2)=8.9439932432e-002; w1(3,3)=-4.8145883813e-001; w1(3,4)=2.7433931834e-001; 
w10(4,1)=2.2649398038e-001; w1(4,1)=1.0334478622e-001; w1(4,2)=-7.7806839207e-002; w1(4,3)=4.8331716019e-001; w1(4,4)=4.8279644962e-001; 
w10(5,1)=4.3070015298e-001; w1(5,1)=-1.0833371587e-001; w1(5,2)=-2.6667345103e-001; w1(5,3)=-4.9488288388e-001; w1(5,4)=1.0676405585e-001; 
w10(6,1)=-1.3472697621e-001; w1(6,1)=-5.2103257218e-001; w1(6,2)=-4.4933861520e-001; w1(6,3)=-1.2134015767e-002; w1(6,4)=4.0358059441e-001; 
w10(7,1)=-2.5359625272e-001; w1(7,1)=-2.9418168781e-002; w1(7,2)=5.0020243664e-002; w1(7,3)=4.8160426039e-001; w1(7,4)=-1.1019136228e-001; 
w10(8,1)=-3.8393817651e-002; w1(8,1)=-6.8970053739e-001; w1(8,2)=-6.7897384486e-001; w1(8,3)=2.2547569426e-001; w1(8,4)=-9.5324709529e-002; 
w10(9,1)=-1.5714142029e-002; w1(9,1)=2.5004081295e-002; w1(9,2)=3.4781964415e-002; w1(9,3)=-3.1786119282e-001; w1(9,4)=5.7867460895e-002; 
w20=1.1847158915e-003; w2(1)=-4.5636383928e-001; w2(2)=3.1754616749e-001; w2(3)=-1.3718015718e+000; w2(4)=-1.4330024082e-001; w2(5)=-5.3377693013e-001; w2(6)=-3.4965417657e-001; w2(7)=5.8797524054e-001; w2(8)=1.8790337540e-001; w2(9)=-7.2678268740e-001; 

