
%liczba neuronów ukrytych: 8, liczba wejœæ sieci: 4
%wejœcie 1: u(k-3)
%wejœcie 2: u(k-4)
%wejœcie 3: y(k-1)
%wejœcie 4: y(k-2)
%uczenie w trybie OE
w10(1,1)=-1.4128275627e-001; w1(1,1)=-6.8554053122e-001; w1(1,2)=-1.5974949151e+000; w1(1,3)=4.2166607713e-003; w1(1,4)=-2.4028396507e-001; 
w10(2,1)=-1.3654074085e+000; w1(2,1)=5.1783752450e-001; w1(2,2)=-3.8077883957e-001; w1(2,3)=-1.4054138466e-001; w1(2,4)=-6.5531812078e-001; 
w10(3,1)=-2.1195206157e-002; w1(3,1)=2.8712406844e-001; w1(3,2)=-3.2537091706e-001; w1(3,3)=-6.4482484556e-002; w1(3,4)=-3.6990583334e-001; 
w10(4,1)=8.9017106473e-001; w1(4,1)=1.1991164032e+000; w1(4,2)=-3.0343945085e-001; w1(4,3)=3.0079645587e-001; w1(4,4)=-3.8939157364e-001; 
w10(5,1)=-1.4428583332e-001; w1(5,1)=3.7118851640e-001; w1(5,2)=-4.9521776426e-001; w1(5,3)=3.0400225494e-001; w1(5,4)=-8.4274878259e-001; 
w10(6,1)=-5.0249943701e-001; w1(6,1)=-4.7779588553e-001; w1(6,2)=2.0305226545e-001; w1(6,3)=-9.4452136017e-001; w1(6,4)=7.3033722729e-001; 
w10(7,1)=1.4934747812e-001; w1(7,1)=-7.6556579770e-002; w1(7,2)=-1.5562908154e-002; w1(7,3)=5.2028869179e-001; w1(7,4)=-9.7411875789e-002; 
w10(8,1)=1.0041488223e+000; w1(8,1)=2.2233580144e-001; w1(8,2)=-1.7228469678e-001; w1(8,3)=-2.8505032595e-001; w1(8,4)=-3.3339418228e-001; 
w20=-2.6226891819e-001; w2(1)=-2.3767062826e-002; w2(2)=-2.8461295782e-001; w2(3)=-4.8165346505e-001; w2(4)=-1.5418977653e-001; w2(5)=1.9003660233e-001; w2(6)=-9.9226429414e-001; w2(7)=1.0980202441e+000; w2(8)=-6.3843822767e-001; 

