
%liczba neuronów ukrytych: 5, liczba wejœæ sieci: 4
%wejœcie 1: u(k-3)
%wejœcie 2: u(k-4)
%wejœcie 3: y(k-1)
%wejœcie 4: y(k-2)
%uczenie w trybie OE
w10(1,1)=3.4829762612e-002; w1(1,1)=-2.9399906754e-002; w1(1,2)=-2.7585388718e-003; w1(1,3)=7.7719547081e-001; w1(1,4)=-4.7946554440e-001; 
w10(2,1)=4.8332853838e-001; w1(2,1)=-6.6971382775e-001; w1(2,2)=6.7236226153e-001; w1(2,3)=2.0008389364e+000; w1(2,4)=-1.9545244734e+000; 
w10(3,1)=8.3333034055e-001; w1(3,1)=-2.9977628679e-002; w1(3,2)=4.3714065544e-002; w1(3,3)=7.1625138721e-001; w1(3,4)=-2.4985428321e-001; 
w10(4,1)=6.5550716310e-001; w1(4,1)=-1.0874167364e-001; w1(4,2)=5.3251069873e-002; w1(4,3)=4.9067918039e-001; w1(4,4)=-8.2563080878e-001; 
w10(5,1)=-1.5805024330e-001; w1(5,1)=1.0661399857e+000; w1(5,2)=1.1816624155e+000; w1(5,3)=3.2417727350e-001; w1(5,4)=-1.6380672630e-001; 
w20=9.4040787676e-002; w2(1)=1.6384265724e+000; w2(2)=-2.1426776267e-002; w2(3)=7.7082285618e-001; w2(4)=-1.1735348668e+000; w2(5)=-5.1464855807e-002; 

