
%liczba neuronów ukrytych: 1, liczba wejœæ sieci: 4
%wejœcie 1: u(k-3)
%wejœcie 2: u(k-4)
%wejœcie 3: y(k-1)
%wejœcie 4: y(k-2)
%uczenie w trybie OE
w10(1,1)=1.6625572244e+000; w1(1,1)=5.8639708675e+000; w1(1,2)=7.8096283066e+000; w1(1,3)=-5.0308308337e+000; w1(1,4)=-2.8475824439e+000; 
w20=-3.0100498683e-001; w2(1)=5.5102555184e-001; 

