
%liczba neuronów ukrytych: 3, liczba wejœæ sieci: 4
%wejœcie 1: u(k-3)
%wejœcie 2: u(k-4)
%wejœcie 3: y(k-1)
%wejœcie 4: y(k-2)
%uczenie w trybie OE
w10(1,1)=9.5330703395e-001; w1(1,1)=-4.9830318163e-002; w1(1,2)=-1.4630963865e-001; w1(1,3)=4.0412052780e-001; w1(1,4)=-1.1002116882e+000; 
w10(2,1)=-5.9650784813e-001; w1(2,1)=5.3656126855e-002; w1(2,2)=-1.3216987613e-001; w1(2,3)=1.0449750355e-001; w1(2,4)=-6.4600132655e-001; 
w10(3,1)=9.4188135059e-002; w1(3,1)=4.3904187230e-002; w1(3,2)=-5.0672442682e-001; w1(3,3)=3.0409469581e+000; w1(3,4)=-2.7796791631e+000; 
w20=-1.9620866984e-002; w2(1)=-9.7584055874e-001; w2(2)=-1.2945842443e+000; w2(3)=5.3970543122e-001; 

