
%liczba neuronów ukrytych: 2, liczba wejœæ sieci: 4
%wejœcie 1: u(k-3)
%wejœcie 2: u(k-4)
%wejœcie 3: y(k-1)
%wejœcie 4: y(k-2)
%uczenie w trybie OE
w10(1,1)=6.7047066740e-001; w1(1,1)=1.6839111703e-001; w1(1,2)=3.4239518133e-001; w1(1,3)=-5.5228060072e+000; w1(1,4)=4.9037036457e+000; 
w10(2,1)=-1.8725917863e-001; w1(2,1)=-1.0417225435e-001; w1(2,2)=-1.3972036833e-001; w1(2,3)=1.5487400933e+000; w1(2,4)=-1.8475039565e+000; 
w20=2.3295653356e-001; w2(1)=-9.9519213128e-001; w2(2)=-1.8833808029e+000; 

