
%liczba neuronów ukrytych: 3, liczba wejœæ sieci: 4
%wejœcie 1: u(k-3)
%wejœcie 2: u(k-4)
%wejœcie 3: y(k-1)
%wejœcie 4: y(k-2)
%uczenie w trybie OE
w10(1,1)=7.4573585852e-001; w1(1,1)=6.3097675476e-002; w1(1,2)=4.3182654154e-002; w1(1,3)=-1.0985053126e-001; w1(1,4)=-7.8749774737e-001; 
w10(2,1)=6.9479897329e-002; w1(2,1)=-2.3900670231e-003; w1(2,2)=5.4990588812e-001; w1(2,3)=5.0475896623e+000; w1(2,4)=-4.6331001773e+000; 
w10(3,1)=-6.6607419810e-001; w1(3,1)=-3.8586968404e-002; w1(3,2)=4.7378890566e-002; w1(3,3)=-4.0352725292e-001; w1(3,4)=-1.7683766131e-001; 
w20=-4.2409048266e-001; w2(1)=-6.2744748811e-001; w2(2)=2.1757455859e-001; w2(3)=-1.3836766610e+000; 

