
%liczba neuronów ukrytych: 2, liczba wejœæ sieci: 4
%wejœcie 1: u(k-3)
%wejœcie 2: u(k-4)
%wejœcie 3: y(k-1)
%wejœcie 4: y(k-2)
%uczenie w trybie OE
w10(1,1)=-2.4195789775e-001; w1(1,1)=8.6739551361e-003; w1(1,2)=1.7193505116e-002; w1(1,3)=-5.3278153237e-001; w1(1,4)=-3.0066363330e-002; 
w10(2,1)=-3.3264463962e-001; w1(2,1)=4.5779321428e-001; w1(2,2)=-7.1040592978e+000; w1(2,3)=-2.0616934500e+001; w1(2,4)=1.7691013518e+001; 
w20=-3.9746164607e-001; w2(1)=-1.7348137657e+000; w2(2)=4.5386780346e-002; 

