
%liczba neuronów ukrytych: 4, liczba wejœæ sieci: 4
%wejœcie 1: u(k-3)
%wejœcie 2: u(k-4)
%wejœcie 3: y(k-1)
%wejœcie 4: y(k-2)
%uczenie w trybie OE
w10(1,1)=-8.8878986435e-001; w1(1,1)=-5.6213010920e-002; w1(1,2)=2.1401152522e+000; w1(1,3)=-4.6886263804e-002; w1(1,4)=4.0825053140e-001; 
w10(2,1)=7.8777951155e-001; w1(2,1)=-6.2869552524e-002; w1(2,2)=-1.9981551308e+000; w1(2,3)=-7.4978592149e-001; w1(2,4)=3.8208656527e-001; 
w10(3,1)=-3.7558712821e-001; w1(3,1)=-2.5540671177e-003; w1(3,2)=5.4562773100e-002; w1(3,3)=-9.9038659527e-001; w1(3,4)=6.4082887977e-001; 
w10(4,1)=2.0884473876e-001; w1(4,1)=-3.0038917234e-002; w1(4,2)=-9.4340231266e-003; w1(4,3)=5.6250072572e-002; w1(4,4)=-3.9976434126e-001; 
w20=-1.9319942366e-001; w2(1)=6.1100564661e-001; w2(2)=6.6275316743e-001; w2(3)=-1.4226913354e+000; w2(4)=-1.5458167929e+000; 

