
%liczba neuronów ukrytych: 8, liczba wejœæ sieci: 4
%wejœcie 1: u(k-3)
%wejœcie 2: u(k-4)
%wejœcie 3: y(k-1)
%wejœcie 4: y(k-2)
%uczenie w trybie OE
w10(1,1)=-8.1782910668e-001; w1(1,1)=-1.1495103206e-001; w1(1,2)=-5.7519525712e-001; w1(1,3)=6.5293671243e-003; w1(1,4)=2.7591243133e-001; 
w10(2,1)=-3.1390445863e-001; w1(2,1)=1.6900438742e-002; w1(2,2)=-8.0611594919e-002; w1(2,3)=6.7712751502e-001; w1(2,4)=-3.0401695615e-001; 
w10(3,1)=6.8710700232e-001; w1(3,1)=8.3102740306e-003; w1(3,2)=2.0292534225e-001; w1(3,3)=7.3131477916e-001; w1(3,4)=-5.1520828946e-001; 
w10(4,1)=7.1257767680e-001; w1(4,1)=5.5992730084e-001; w1(4,2)=1.1074260704e+000; w1(4,3)=-4.3154884938e-001; w1(4,4)=2.6265597888e-001; 
w10(5,1)=-6.9437502189e-001; w1(5,1)=-4.0656699837e-002; w1(5,2)=3.3255213040e-002; w1(5,3)=2.6323201746e-001; w1(5,4)=1.3958099712e-001; 
w10(6,1)=9.7493519241e-001; w1(6,1)=2.2532994232e-001; w1(6,2)=-5.4321812884e-001; w1(6,3)=9.2003665609e-001; w1(6,4)=-1.8989803994e-001; 
w10(7,1)=1.9094748228e-001; w1(7,1)=1.0151623688e+000; w1(7,2)=9.6697679522e-001; w1(7,3)=-1.1203055845e-001; w1(7,4)=3.1523813335e-001; 
w10(8,1)=3.3238833775e-002; w1(8,1)=4.6211459481e-002; w1(8,2)=-5.4141103783e-002; w1(8,3)=1.6548050791e-001; w1(8,4)=-2.3590360831e-001; 
w20=-9.5879120906e-002; w2(1)=2.6744307489e-001; w2(2)=4.5508679776e-001; w2(3)=1.5311609410e+000; w2(4)=-1.8669751267e-002; w2(5)=1.3755263707e+000; w2(6)=4.5890017468e-001; w2(7)=4.8163995009e-002; w2(8)=-4.2496082022e-001; 

