
%liczba neuronów ukrytych: 7, liczba wejœæ sieci: 4
%wejœcie 1: u(k-3)
%wejœcie 2: u(k-4)
%wejœcie 3: y(k-1)
%wejœcie 4: y(k-2)
%uczenie w trybie OE
w10(1,1)=-8.8115797296e-001; w1(1,1)=-6.0006436080e-002; w1(1,2)=-2.3868527686e+000; w1(1,3)=-9.7281376875e-001; w1(1,4)=1.5701732912e+000; 
w10(2,1)=9.0325035803e-002; w1(2,1)=1.8541163949e-001; w1(2,2)=6.5881140003e-002; w1(2,3)=-1.0650668642e-001; w1(2,4)=8.2332457960e-001; 
w10(3,1)=-9.0947427736e-001; w1(3,1)=6.8322041822e-002; w1(3,2)=2.9828772596e-001; w1(3,3)=3.6007683235e-001; w1(3,4)=5.8698384044e-001; 
w10(4,1)=-2.2889125877e-002; w1(4,1)=2.4219634701e-002; w1(4,2)=1.4159523904e-001; w1(4,3)=-7.2173390540e-001; w1(4,4)=5.4825085948e-001; 
w10(5,1)=-8.5403515903e-001; w1(5,1)=1.1885285495e-001; w1(5,2)=-3.4970072896e-001; w1(5,3)=-4.4597742657e-001; w1(5,4)=-2.2830251687e-001; 
w10(6,1)=-2.8998501153e-001; w1(6,1)=-1.1455092801e-001; w1(6,2)=2.6348588082e-001; w1(6,3)=-4.7558176285e-001; w1(6,4)=2.6371216657e-001; 
w10(7,1)=8.8422365570e-002; w1(7,1)=6.8113385851e-001; w1(7,2)=1.2180334607e+000; w1(7,3)=2.3472917807e-001; w1(7,4)=-7.1762369486e-002; 
w20=-3.0323830211e-001; w2(1)=-2.0297726942e-002; w2(2)=2.5703757134e-001; w2(3)=5.0572462799e-001; w2(4)=-1.2974476908e+000; w2(5)=-7.4929930113e-001; w2(6)=-3.0588352948e-001; w2(7)=-5.7636662731e-002; 

