
%liczba neuronów ukrytych: 4, liczba wejœæ sieci: 4
%wejœcie 1: u(k-3)
%wejœcie 2: u(k-4)
%wejœcie 3: y(k-1)
%wejœcie 4: y(k-2)
%uczenie w trybie OE
w10(1,1)=-8.3428480836e-001; w1(1,1)=3.0654898005e-001; w1(1,2)=-2.3535703317e-001; w1(1,3)=9.1632526458e-002; w1(1,4)=-7.8643862536e-001; 
w10(2,1)=1.0742403603e-001; w1(2,1)=8.6242311759e-001; w1(2,2)=-4.9416345132e-001; w1(2,3)=3.4390771032e+000; w1(2,4)=-3.1117346925e+000; 
w10(3,1)=1.0929767877e+000; w1(3,1)=3.4487544103e-001; w1(3,2)=-7.2358051935e-002; w1(3,3)=2.2175659417e-001; w1(3,4)=-7.8463839878e-001; 
w10(4,1)=-5.7805077562e-001; w1(4,1)=-3.9227264162e-001; w1(4,2)=2.8374535690e-001; w1(4,3)=-3.2378758383e-001; w1(4,4)=1.1460525010e+000; 
w20=-1.0298189625e-001; w2(1)=-9.6464761529e-001; w2(2)=5.0986038449e-001; w2(3)=-3.6649933587e-001; w2(4)=6.0973077586e-001; 

