
%liczba neuronów ukrytych: 8, liczba wejœæ sieci: 4
%wejœcie 1: u(k-3)
%wejœcie 2: u(k-4)
%wejœcie 3: y(k-1)
%wejœcie 4: y(k-2)
%uczenie w trybie OE
w10(1,1)=-3.0167453908e-002; w1(1,1)=-2.4599663304e-001; w1(1,2)=1.6037339775e+000; w1(1,3)=4.9881246171e-001; w1(1,4)=-4.9797099795e-002; 
w10(2,1)=-7.7859610733e-002; w1(2,1)=-9.5555618377e-001; w1(2,2)=8.8563396434e-001; w1(2,3)=1.1906496248e+000; w1(2,4)=-9.1384190011e-001; 
w10(3,1)=6.6958949332e-001; w1(3,1)=4.3268656524e-001; w1(3,2)=1.3781674128e+000; w1(3,3)=1.2135563032e-001; w1(3,4)=-5.7488437854e-001; 
w10(4,1)=7.0147899030e-001; w1(4,1)=4.9982226610e-001; w1(4,2)=-5.4123596082e-001; w1(4,3)=-2.2687823375e-001; w1(4,4)=6.1581172084e-001; 
w10(5,1)=-6.1647917640e-003; w1(5,1)=-2.0559653353e-002; w1(5,2)=-1.4594478417e+000; w1(5,3)=-5.7208139111e-001; w1(5,4)=1.6366795636e-001; 
w10(6,1)=1.8707507200e-001; w1(6,1)=2.1553826116e-001; w1(6,2)=-1.7718104209e-001; w1(6,3)=-8.6887591228e-001; w1(6,4)=6.0362013405e-001; 
w10(7,1)=-1.5261541009e-001; w1(7,1)=-1.0005730085e+000; w1(7,2)=5.5194302613e-001; w1(7,3)=-1.6052168678e-001; w1(7,4)=-1.5684327338e+000; 
w10(8,1)=-4.3516784965e-001; w1(8,1)=7.1616172261e-001; w1(8,2)=-6.0961954427e-001; w1(8,3)=-6.2356155335e-002; w1(8,4)=5.9759613041e-001; 
w20=-6.7754407019e-002; w2(1)=5.0149038114e-001; w2(2)=3.7017256024e-001; w2(3)=5.0144449307e-002; w2(4)=1.0040094684e+000; w2(5)=5.3434626641e-001; w2(6)=-1.2911909029e+000; w2(7)=1.9839623828e-002; w2(8)=6.8490162438e-001; 

