
%liczba neuronów ukrytych: 1, liczba wejœæ sieci: 4
%wejœcie 1: u(k-3)
%wejœcie 2: u(k-4)
%wejœcie 3: y(k-1)
%wejœcie 4: y(k-2)
%uczenie w trybie OE
w10(1,1)=1.9315615337e-001; w1(1,1)=4.5263011740e-002; w1(1,2)=-1.3111606835e-001; w1(1,3)=3.7457533969e-001; w1(1,4)=1.8674424407e-001; 
w20=-3.1737519873e-001; w2(1)=1.6797624496e+000; 

