
%liczba neuronów ukrytych: 4, liczba wejœæ sieci: 4
%wejœcie 1: u(k-3)
%wejœcie 2: u(k-4)
%wejœcie 3: y(k-1)
%wejœcie 4: y(k-2)
%uczenie w trybie OE
w10(1,1)=-6.8959907080e-002; w1(1,1)=-9.6978897655e-001; w1(1,2)=-9.2605937313e-001; w1(1,3)=-5.4223652278e-001; w1(1,4)=4.4175790378e-001; 
w10(2,1)=4.9475561985e-001; w1(2,1)=-1.8472180781e-001; w1(2,2)=2.9113753672e-002; w1(2,3)=-1.1351280077e+000; w1(2,4)=2.3145529374e+000; 
w10(3,1)=5.3804588343e-001; w1(3,1)=6.1111527348e-001; w1(3,2)=-2.7620848955e-001; w1(3,3)=-1.3545729575e+000; w1(3,4)=2.3088621056e-001; 
w10(4,1)=1.2431509031e-001; w1(4,1)=-3.1442789347e-002; w1(4,2)=4.4940266871e-003; w1(4,3)=4.3463101498e-001; w1(4,4)=1.3940311092e-001; 
w20=-2.5466611585e-001; w2(1)=7.6543313963e-002; w2(2)=-3.3534763102e-001; w2(3)=2.0533926232e-001; w2(4)=2.5286046730e+000; 

