
%liczba neuronów ukrytych: 2, liczba wejœæ sieci: 4
%wejœcie 1: u(k-3)
%wejœcie 2: u(k-4)
%wejœcie 3: y(k-1)
%wejœcie 4: y(k-2)
%uczenie w trybie OE
w10(1,1)=2.6131339747e-001; w1(1,1)=-2.7699503830e-002; w1(1,2)=4.2016082924e-002; w1(1,3)=4.6539135827e-001; w1(1,4)=4.3686758849e-002; 
w10(2,1)=2.2895477948e-001; w1(2,1)=-1.6651552692e+000; w1(2,2)=-2.9470095788e+000; w1(2,3)=1.6977470643e+001; w1(2,4)=-1.5236875363e+001; 
w20=-4.7456445778e-001; w2(1)=1.9121507697e+000; w2(2)=-6.2452396759e-002; 

