
%liczba neuronów ukrytych: 10, liczba wejœæ sieci: 4
%wejœcie 1: u(k-3)
%wejœcie 2: u(k-4)
%wejœcie 3: y(k-1)
%wejœcie 4: y(k-2)
%uczenie w trybie OE
w10(1,1)=-3.5393841426e-001; w1(1,1)=-3.1478974500e-001; w1(1,2)=5.1589915687e-001; w1(1,3)=2.8661412869e-001; w1(1,4)=-4.3731838761e-001; 
w10(2,1)=2.2425674406e-001; w1(2,1)=-5.0272821613e-001; w1(2,2)=4.6119634881e-001; w1(2,3)=1.6923915941e-002; w1(2,4)=-3.2557672450e-001; 
w10(3,1)=-2.4623777184e-001; w1(3,1)=6.3027689721e-001; w1(3,2)=-8.1528583330e-001; w1(3,3)=-7.6947715660e-001; w1(3,4)=3.9607186764e-001; 
w10(4,1)=-7.1938632852e-001; w1(4,1)=1.6503417371e+000; w1(4,2)=-6.2833114105e-001; w1(4,3)=-4.2900886770e-001; w1(4,4)=7.9803950052e-001; 
w10(5,1)=4.4962132364e-001; w1(5,1)=-1.3874445865e-001; w1(5,2)=1.4862397204e-001; w1(5,3)=-2.9467778379e-002; w1(5,4)=-2.9885560186e-001; 
w10(6,1)=-9.5448451166e-002; w1(6,1)=-3.8973473180e-001; w1(6,2)=1.1302633443e+000; w1(6,3)=7.0905699023e-001; w1(6,4)=-1.0753554171e+000; 
w10(7,1)=2.2571232236e-001; w1(7,1)=6.8344004840e-002; w1(7,2)=-1.7371433241e+000; w1(7,3)=-6.2027762215e-001; w1(7,4)=7.0953753263e-001; 
w10(8,1)=1.1709764100e-001; w1(8,1)=-9.1370505904e-002; w1(8,2)=-3.5682017174e-002; w1(8,3)=-4.7826895029e-001; w1(8,4)=1.6068368580e-001; 
w10(9,1)=1.4985622494e-001; w1(9,1)=-2.0965222160e-001; w1(9,2)=-2.2811432561e-002; w1(9,3)=7.9942306013e-001; w1(9,4)=-5.0506010562e-001; 
w10(10,1)=-2.2306802123e-002; w1(10,1)=-8.6764241159e-001; w1(10,2)=4.0559594785e-001; w1(10,3)=-5.0213078934e-001; w1(10,4)=-6.7105513180e-001; 
w20=-6.7305450274e-002; w2(1)=-7.3970535698e-001; w2(2)=-4.9187390756e-001; w2(3)=-5.9499016462e-001; w2(4)=7.5544769970e-002; w2(5)=-5.1506003398e-001; w2(6)=2.3340705740e-001; w2(7)=9.3588983445e-002; w2(8)=-7.5046751690e-001; w2(9)=9.0622986550e-001; w2(10)=6.5627168718e-002; 

