
%liczba neuronów ukrytych: 8, liczba wejœæ sieci: 4
%wejœcie 1: u(k-3)
%wejœcie 2: u(k-4)
%wejœcie 3: y(k-1)
%wejœcie 4: y(k-2)
%uczenie w trybie OE
w10(1,1)=1.3394265577e-001; w1(1,1)=1.7277343880e-001; w1(1,2)=-2.1752508279e-001; w1(1,3)=-5.2733872577e-001; w1(1,4)=2.3681632079e-001; 
w10(2,1)=-3.4819858101e-001; w1(2,1)=-3.3417724723e-001; w1(2,2)=1.3707561234e+000; w1(2,3)=7.0153032300e-001; w1(2,4)=-1.3562864882e+000; 
w10(3,1)=2.6654006872e-001; w1(3,1)=1.4278775528e+000; w1(3,2)=1.6035527728e-001; w1(3,3)=-9.6899878810e-002; w1(3,4)=5.7933990446e-001; 
w10(4,1)=-1.0698157676e-001; w1(4,1)=-1.1670775718e-001; w1(4,2)=2.1649418922e-001; w1(4,3)=-3.4137633731e-001; w1(4,4)=5.8291033033e-002; 
w10(5,1)=2.0823392994e-001; w1(5,1)=-4.5827679052e-001; w1(5,2)=-2.3215093576e-001; w1(5,3)=1.7516086751e-001; w1(5,4)=-3.9189125475e-001; 
w10(6,1)=5.0342748863e-001; w1(6,1)=2.0407872419e-001; w1(6,2)=-9.1349899022e-001; w1(6,3)=-8.6198918785e-002; w1(6,4)=5.4005090835e-001; 
w10(7,1)=-2.0699167517e-001; w1(7,1)=4.2590598409e-001; w1(7,2)=-3.1106266906e-001; w1(7,3)=-7.7775630743e-002; w1(7,4)=3.6885648666e-001; 
w10(8,1)=-3.4196994038e-001; w1(8,1)=9.0521371769e-001; w1(8,2)=7.5969659009e-001; w1(8,3)=-1.4600090013e-001; w1(8,4)=-2.8598322466e-001; 
w20=7.9231517162e-002; w2(1)=-1.5154479580e+000; w2(2)=1.9957028198e-001; w2(3)=-4.0832879207e-002; w2(4)=-1.4858524487e+000; w2(5)=-1.8003085431e-001; w2(6)=2.2675294949e-001; w2(7)=2.9459621622e-001; w2(8)=-1.0148732160e-001; 

