
%liczba neuronów ukrytych: 9, liczba wejœæ sieci: 4
%wejœcie 1: u(k-3)
%wejœcie 2: u(k-4)
%wejœcie 3: y(k-1)
%wejœcie 4: y(k-2)
%uczenie w trybie OE
w10(1,1)=6.2861260364e-001; w1(1,1)=-3.5722872354e-001; w1(1,2)=1.7512702766e-001; w1(1,3)=2.2034522906e-001; w1(1,4)=-8.5771655775e-001; 
w10(2,1)=-1.0643018873e+000; w1(2,1)=-3.2803856489e-001; w1(2,2)=3.0613904453e-001; w1(2,3)=1.7081294134e-001; w1(2,4)=-9.0128888487e-001; 
w10(3,1)=3.1751926570e-001; w1(3,1)=5.1289337838e-002; w1(3,2)=1.1764954502e+000; w1(3,3)=4.0317787690e-001; w1(3,4)=-1.0705918613e+000; 
w10(4,1)=-1.7828047020e-001; w1(4,1)=1.4190016594e-001; w1(4,2)=2.2268633286e-001; w1(4,3)=1.7892023968e-001; w1(4,4)=1.9982789246e-001; 
w10(5,1)=-7.5105960622e-002; w1(5,1)=-2.3308177041e-001; w1(5,2)=8.2703882960e-002; w1(5,3)=1.1277901032e+000; w1(5,4)=-8.7963191070e-001; 
w10(6,1)=9.7764128413e-002; w1(6,1)=-3.2249791857e-001; w1(6,2)=4.5892691944e-001; w1(6,3)=5.1520794640e-001; w1(6,4)=-3.1690393737e-001; 
w10(7,1)=2.1403076337e-001; w1(7,1)=-2.7891550157e-001; w1(7,2)=2.8318362550e-001; w1(7,3)=1.6352153332e-001; w1(7,4)=-5.1187029442e-001; 
w10(8,1)=2.7825351582e-003; w1(8,1)=-3.4959776316e-001; w1(8,2)=-1.4859807858e+000; w1(8,3)=-6.0929911382e-001; w1(8,4)=4.9469039481e-001; 
w10(9,1)=-2.5986604991e-001; w1(9,1)=5.7782502409e-002; w1(9,2)=-9.2264585854e-001; w1(9,3)=8.1958451384e-002; w1(9,4)=7.5412659271e-001; 
w20=7.6609228768e-002; w2(1)=-4.8209578056e-001; w2(2)=-4.8593235984e-001; w2(3)=1.8120638075e-001; w2(4)=1.6655127713e-001; w2(5)=1.1407661273e+000; w2(6)=3.1279545010e-001; w2(7)=-5.8503971563e-001; w2(8)=9.0835851963e-002; w2(9)=1.5264665975e-001; 

