
%liczba neuronów ukrytych: 5, liczba wejœæ sieci: 4
%wejœcie 1: u(k-3)
%wejœcie 2: u(k-4)
%wejœcie 3: y(k-1)
%wejœcie 4: y(k-2)
%uczenie w trybie OE
w10(1,1)=-3.2585960328e-001; w1(1,1)=8.7652985123e-003; w1(1,2)=-1.6563445058e-002; w1(1,3)=-1.6700219314e+000; w1(1,4)=1.1156225687e+000; 
w10(2,1)=6.6847452714e-001; w1(2,1)=7.7149552549e-002; w1(2,2)=-6.2229058207e-002; w1(2,3)=-3.0094667128e-001; w1(2,4)=-3.6506008531e-001; 
w10(3,1)=-1.0973865389e+000; w1(3,1)=-4.3741360588e-002; w1(3,2)=1.9003541355e-002; w1(3,3)=-2.1008822296e-001; w1(3,4)=-3.3318333916e-001; 
w10(4,1)=-7.6488588682e-001; w1(4,1)=6.2803099844e-002; w1(4,2)=-2.1491758137e+000; w1(4,3)=2.3299868011e-001; w1(4,4)=4.2866312554e-001; 
w10(5,1)=-1.9574417271e-001; w1(5,1)=-1.7609087241e+000; w1(5,2)=-1.8536813761e-001; w1(5,3)=-4.4190037521e-001; w1(5,4)=5.1151366048e-001; 
w20=-5.4210812742e-001; w2(1)=-7.5211402389e-001; w2(2)=-8.6387871066e-001; w2(3)=-1.0112938693e+000; w2(4)=1.2008975112e-002; w2(5)=-4.6532988833e-002; 

