
%liczba neuronów ukrytych: 9, liczba wejœæ sieci: 4
%wejœcie 1: u(k-3)
%wejœcie 2: u(k-4)
%wejœcie 3: y(k-1)
%wejœcie 4: y(k-2)
%uczenie w trybie OE
w10(1,1)=-4.3658566539e-001; w1(1,1)=-4.3083384632e-001; w1(1,2)=5.5647537226e-001; w1(1,3)=1.2479400600e-001; w1(1,4)=-1.3960467779e+000; 
w10(2,1)=2.0087275747e-001; w1(2,1)=-1.3011059630e-001; w1(2,2)=-5.0303579015e-001; w1(2,3)=-6.6370872436e-001; w1(2,4)=3.1812770284e-001; 
w10(3,1)=1.9701652751e-001; w1(3,1)=-3.2206020393e-001; w1(3,2)=5.8326336281e-001; w1(3,3)=5.7179327103e-001; w1(3,4)=-3.2551839039e-001; 
w10(4,1)=-4.8025056820e-001; w1(4,1)=1.5639147066e-002; w1(4,2)=1.0531818539e-001; w1(4,3)=7.3994346586e-001; w1(4,4)=-2.1553933492e-001; 
w10(5,1)=-1.0513090479e-002; w1(5,1)=1.1555337592e+000; w1(5,2)=-4.2651710609e-001; w1(5,3)=-9.0184865961e-001; w1(5,4)=9.1421277435e-001; 
w10(6,1)=-1.0258538383e+000; w1(6,1)=-3.2383658748e-001; w1(6,2)=3.8789418281e-001; w1(6,3)=1.8452173157e-001; w1(6,4)=-9.0426760327e-001; 
w10(7,1)=-1.2048852662e-001; w1(7,1)=-3.4604226633e-001; w1(7,2)=1.1176442500e+000; w1(7,3)=9.0377246784e-001; w1(7,4)=-1.2570492826e+000; 
w10(8,1)=-2.0299253118e-001; w1(8,1)=9.9565073815e-002; w1(8,2)=5.0114374336e-001; w1(8,3)=-6.0607193523e-001; w1(8,4)=2.0482716415e-001; 
w10(9,1)=-6.9501250090e-002; w1(9,1)=4.1105507033e-001; w1(9,2)=-4.7777115202e-001; w1(9,3)=3.7450517201e-003; w1(9,4)=3.6843878902e-001; 
w20=1.2243609619e-002; w2(1)=3.3822059295e-002; w2(2)=-2.2663091585e-001; w2(3)=3.0829815392e-001; w2(4)=5.7057221409e-001; w2(5)=-3.1291617809e-001; w2(6)=-3.4015478662e-001; w2(7)=4.0585665335e-001; w2(8)=-5.4591680833e-001; w2(9)=1.2296517994e+000; 

