
%liczba neuronów ukrytych: 8, liczba wejœæ sieci: 4
%wejœcie 1: u(k-3)
%wejœcie 2: u(k-4)
%wejœcie 3: y(k-1)
%wejœcie 4: y(k-2)
%uczenie w trybie OE
w10(1,1)=5.1314004071e-002; w1(1,1)=1.4608826188e-001; w1(1,2)=-8.9888697926e-001; w1(1,3)=2.1677734719e-001; w1(1,4)=-6.9590938723e-001; 
w10(2,1)=2.5755189085e-001; w1(2,1)=3.9291383768e-001; w1(2,2)=-1.9820618807e-001; w1(2,3)=9.1590670074e-001; w1(2,4)=-4.3285187142e-001; 
w10(3,1)=-9.3974771615e-001; w1(3,1)=-4.0727640885e-001; w1(3,2)=5.0127975015e-001; w1(3,3)=7.0842666155e-002; w1(3,4)=7.3330024720e-001; 
w10(4,1)=1.5156740092e-002; w1(4,1)=1.9110657333e-001; w1(4,2)=1.3721986495e-001; w1(4,3)=7.6076915696e-001; w1(4,4)=-4.4353226083e-002; 
w10(5,1)=-3.5172114554e-002; w1(5,1)=9.4621274881e-002; w1(5,2)=7.0378168478e-001; w1(5,3)=-5.2515649812e-001; w1(5,4)=9.5455674987e-001; 
w10(6,1)=2.0847368918e-001; w1(6,1)=-4.9074701350e-001; w1(6,2)=9.7674526234e-001; w1(6,3)=-8.5040461565e-001; w1(6,4)=4.2519752636e-001; 
w10(7,1)=9.9043965307e-001; w1(7,1)=-3.6845387741e-001; w1(7,2)=4.2505728781e-001; w1(7,3)=1.0029290991e-001; w1(7,4)=4.6728117996e-001; 
w10(8,1)=4.7456954821e-002; w1(8,1)=1.8962538356e-001; w1(8,2)=9.4818498257e-001; w1(8,3)=-2.9548511632e-001; w1(8,4)=3.5348228969e-001; 
w20=-3.5284945986e-001; w2(1)=-7.5967071360e-001; w2(2)=5.5576041052e-001; w2(3)=5.4553605344e-001; w2(4)=3.4109175041e-001; w2(5)=-1.1416605203e+000; w2(6)=-3.8453319260e-001; w2(7)=8.8792310771e-001; w2(8)=2.9293422095e-001; 

