
%liczba neuronów ukrytych: 10, liczba wejœæ sieci: 4
%wejœcie 1: u(k-3)
%wejœcie 2: u(k-4)
%wejœcie 3: y(k-1)
%wejœcie 4: y(k-2)
%uczenie w trybie OE
w10(1,1)=1.3793314629e-001; w1(1,1)=-6.5715095477e-001; w1(1,2)=-5.7330705982e-001; w1(1,3)=7.1868824985e-001; w1(1,4)=-3.5239222180e-001; 
w10(2,1)=1.5312759977e-001; w1(2,1)=-2.8880691064e-001; w1(2,2)=1.3011223115e+000; w1(2,3)=-1.0779270588e+000; w1(2,4)=1.0810748261e+000; 
w10(3,1)=-9.6222464500e-001; w1(3,1)=3.4748524655e-001; w1(3,2)=-4.4428138410e-001; w1(3,3)=-1.1542277376e-001; w1(3,4)=-4.0705436898e-001; 
w10(4,1)=-6.8998908464e-001; w1(4,1)=-4.5360660153e-001; w1(4,2)=4.6856376434e-001; w1(4,3)=3.7711697703e-001; w1(4,4)=2.9060379942e-001; 
w10(5,1)=-4.5267205891e-001; w1(5,1)=-1.4211275382e+000; w1(5,2)=2.0028308106e-001; w1(5,3)=4.6850240197e-002; w1(5,4)=7.1790677505e-001; 
w10(6,1)=-1.7728765651e-001; w1(6,1)=5.5300048312e-001; w1(6,2)=4.1326844070e-001; w1(6,3)=-4.9968172958e-002; w1(6,4)=-2.3235254136e-002; 
w10(7,1)=2.4131724687e-001; w1(7,1)=1.0257973648e+000; w1(7,2)=7.0785271935e-002; w1(7,3)=5.6125984933e-002; w1(7,4)=-6.2279057199e-001; 
w10(8,1)=-4.3476510994e-001; w1(8,1)=3.1946269939e-001; w1(8,2)=-3.8100014496e-001; w1(8,3)=-2.0806403865e-001; w1(8,4)=-3.3706880832e-001; 
w10(9,1)=-2.0033039147e-001; w1(9,1)=1.8936444801e-001; w1(9,2)=-1.3295610103e+000; w1(9,3)=-1.6301861777e-001; w1(9,4)=6.2628304845e-002; 
w10(10,1)=-1.4535118969e-001; w1(10,1)=-5.7532106532e-001; w1(10,2)=5.5085979938e-001; w1(10,3)=-1.1612350857e+000; w1(10,4)=7.6355523372e-001; 
w20=-3.7267678908e-001; w2(1)=-2.0326845582e-001; w2(2)=-3.5493638918e-001; w2(3)=-8.7146484371e-001; w2(4)=7.8425038491e-001; w2(5)=-9.0245684987e-002; w2(6)=-1.3560055359e-001; w2(7)=-2.0193469141e-001; w2(8)=-1.9696276380e-001; w2(9)=-3.1636376086e-001; w2(10)=-8.0751586109e-001; 

