
%liczba neuronów ukrytych: 9, liczba wejœæ sieci: 4
%wejœcie 1: u(k-3)
%wejœcie 2: u(k-4)
%wejœcie 3: y(k-1)
%wejœcie 4: y(k-2)
%uczenie w trybie ARX
w10(1,1)=5.6353361878e-001; w1(1,1)=-3.3086534617e-001; w1(1,2)=-6.4450244677e-001; w1(1,3)=-4.3888934974e-001; w1(1,4)=2.2531270774e-001; 
w10(2,1)=2.1473104046e-001; w1(2,1)=-6.2586837012e-002; w1(2,2)=1.5809572750e-002; w1(2,3)=2.4515784537e-001; w1(2,4)=3.4968125762e-002; 
w10(3,1)=-3.2769835375e-001; w1(3,1)=2.6955166474e-001; w1(3,2)=4.4626754372e-001; w1(3,3)=-6.4932350389e-001; w1(3,4)=6.2571441544e-001; 
w10(4,1)=2.8949988299e-002; w1(4,1)=-1.6804963055e-002; w1(4,2)=-6.0319437388e-002; w1(4,3)=-3.8599152624e-002; w1(4,4)=-1.7219977332e-001; 
w10(5,1)=2.1805176392e-001; w1(5,1)=-2.0181095680e-002; w1(5,2)=8.1012248059e-002; w1(5,3)=3.7691489593e-001; w1(5,4)=-4.6532740130e-002; 
w10(6,1)=6.1579730099e-002; w1(6,1)=-3.1954691382e-002; w1(6,2)=-5.3532456094e-002; w1(6,3)=-2.6346693626e-002; w1(6,4)=-2.2932260029e-001; 
w10(7,1)=-3.7848285892e-001; w1(7,1)=1.8431908275e-002; w1(7,2)=3.8617521209e-002; w1(7,3)=5.1150644264e-001; w1(7,4)=-1.0511639290e-001; 
w10(8,1)=-8.9681474337e-002; w1(8,1)=2.8585764752e-002; w1(8,2)=-2.2086236536e-002; w1(8,3)=-5.0268939904e-001; w1(8,4)=1.6456167639e-001; 
w10(9,1)=-4.6757212744e-002; w1(9,1)=3.0210028021e-001; w1(9,2)=-2.5222494840e-001; w1(9,3)=-1.3576751181e-001; w1(9,4)=-5.4843639077e-001; 
w20=-9.2740448502e-002; w2(1)=-2.5522764235e-001; w2(2)=6.1974045209e-001; w2(3)=-5.3206579667e-001; w2(4)=-2.2892909097e-001; w2(5)=6.6760484200e-001; w2(6)=-4.0922318289e-001; w2(7)=7.2903237609e-001; w2(8)=-9.9314319713e-001; w2(9)=2.9700378147e-001; 

