
%liczba neuronów ukrytych: 3, liczba wejœæ sieci: 4
%wejœcie 1: u(k-3)
%wejœcie 2: u(k-4)
%wejœcie 3: y(k-1)
%wejœcie 4: y(k-2)
%uczenie w trybie OE
w10(1,1)=-1.3367211767e-001; w1(1,1)=-1.6861836907e-001; w1(1,2)=1.0197500562e-001; w1(1,3)=5.1368159912e-001; w1(1,4)=3.8482976762e-001; 
w10(2,1)=-1.6861619359e-001; w1(2,1)=5.8709905288e-001; w1(2,2)=-4.8043398104e-001; w1(2,3)=3.0147173239e-001; w1(2,4)=-1.2458558329e+000; 
w10(3,1)=-4.5500844497e-001; w1(3,1)=2.7259987711e-001; w1(3,2)=-2.4335805112e-001; w1(3,3)=-7.2148948351e-001; w1(3,4)=7.4201866979e-002; 
w20=-4.5238069106e-001; w2(1)=1.0358947773e+000; w2(2)=9.2109119219e-001; w2(3)=-1.7452411987e+000; 

