
%liczba neuronów ukrytych: 4, liczba wejœæ sieci: 4
%wejœcie 1: u(k-3)
%wejœcie 2: u(k-4)
%wejœcie 3: y(k-1)
%wejœcie 4: y(k-2)
%uczenie w trybie OE
w10(1,1)=-6.7817280469e-001; w1(1,1)=3.1761521614e-002; w1(1,2)=-1.8977744329e-002; w1(1,3)=-8.2165532871e-001; w1(1,4)=2.4772300703e-001; 
w10(2,1)=-9.1200186359e-002; w1(2,1)=-3.8011550130e-001; w1(2,2)=4.7738765132e-001; w1(2,3)=1.8004837260e+000; w1(2,4)=-2.4508305087e+000; 
w10(3,1)=8.6331798260e-002; w1(3,1)=5.2172783721e-001; w1(3,2)=-2.9525193695e+000; w1(3,3)=-8.2631691317e-001; w1(3,4)=8.7410983185e-001; 
w10(4,1)=5.0820857038e-001; w1(4,1)=-1.1053065160e-001; w1(4,2)=1.2826249741e-001; w1(4,3)=-1.9220355992e-001; w1(4,4)=-5.7157766187e-001; 
w20=-5.2411224640e-001; w2(1)=-1.5825959744e+000; w2(2)=2.2142297158e-001; w2(3)=3.5142050607e-002; w2(4)=-8.3919883884e-001; 

