
%liczba neuronów ukrytych: 6, liczba wejœæ sieci: 4
%wejœcie 1: u(k-3)
%wejœcie 2: u(k-4)
%wejœcie 3: y(k-1)
%wejœcie 4: y(k-2)
%uczenie w trybie OE
w10(1,1)=-1.2870742284e-001; w1(1,1)=7.7374147100e-001; w1(1,2)=9.6528527346e-001; w1(1,3)=3.2141624565e-001; w1(1,4)=-3.3769205229e-001; 
w10(2,1)=1.5278503375e-002; w1(2,1)=8.7715670432e-001; w1(2,2)=-7.9947646705e-001; w1(2,3)=-1.0180026127e+000; w1(2,4)=7.1036403977e-001; 
w10(3,1)=5.2029083319e-002; w1(3,1)=-3.6291170296e-001; w1(3,2)=3.2310899528e-001; w1(3,3)=2.6532012994e-001; w1(3,4)=-9.9085833043e-002; 
w10(4,1)=1.2061448240e-001; w1(4,1)=-1.4022029062e-001; w1(4,2)=-1.3340592150e+000; w1(4,3)=-1.0104086981e+000; w1(4,4)=1.0312017771e+000; 
w10(5,1)=-8.6742177246e-001; w1(5,1)=8.6362618374e-001; w1(5,2)=-7.6517536955e-001; w1(5,3)=-3.6478417847e-001; w1(5,4)=1.2942117786e+000; 
w10(6,1)=5.3258935406e-001; w1(6,1)=3.3251955322e-001; w1(6,2)=-3.2383442287e-001; w1(6,3)=5.6916048148e-001; w1(6,4)=-8.9587085249e-002; 
w20=-4.7085115567e-001; w2(1)=-1.4624111498e-001; w2(2)=-4.7972386002e-001; w2(3)=3.1289624705e-001; w2(4)=-1.1476760073e-001; w2(5)=3.9750875111e-001; w2(6)=1.5085030703e+000; 

