
%liczba neuronów ukrytych: 3, liczba wejœæ sieci: 4
%wejœcie 1: u(k-3)
%wejœcie 2: u(k-4)
%wejœcie 3: y(k-1)
%wejœcie 4: y(k-2)
%uczenie w trybie OE
w10(1,1)=7.9060131891e-001; w1(1,1)=-1.3275473003e-001; w1(1,2)=9.7044824861e-002; w1(1,3)=6.0151053960e-001; w1(1,4)=-1.0103023914e+000; 
w10(2,1)=-6.9023960187e-002; w1(2,1)=1.4106877309e+000; w1(2,2)=1.0142059462e+000; w1(2,3)=1.0327920038e+000; w1(2,4)=-8.2460186607e-001; 
w10(3,1)=-3.7852985562e-001; w1(3,1)=3.5173638564e-003; w1(3,2)=1.1723791373e-002; w1(3,3)=-6.9186360646e-001; w1(3,4)=3.1917525865e-001; 
w20=-1.0956192407e-001; w2(1)=-1.0081697271e+000; w2(2)=-6.0649612941e-002; w2(3)=-2.1298241798e+000; 

