
%liczba neuronów ukrytych: 10, liczba wejœæ sieci: 4
%wejœcie 1: u(k-3)
%wejœcie 2: u(k-4)
%wejœcie 3: y(k-1)
%wejœcie 4: y(k-2)
%uczenie w trybie OE
w10(1,1)=6.1751634510e-001; w1(1,1)=-2.2829182945e-001; w1(1,2)=-1.1001475993e-002; w1(1,3)=-3.0414223577e-001; w1(1,4)=-1.2658032242e-001; 
w10(2,1)=6.9299658133e-001; w1(2,1)=-1.4942225308e+000; w1(2,2)=-1.1226425721e-001; w1(2,3)=4.0730729556e-001; w1(2,4)=-5.0504741629e-001; 
w10(3,1)=-3.4488197798e-001; w1(3,1)=-1.7314360792e-001; w1(3,2)=7.8365478350e-002; w1(3,3)=-2.6800603504e-001; w1(3,4)=-9.9482046517e-002; 
w10(4,1)=-1.9965834589e-001; w1(4,1)=6.5864551256e-001; w1(4,2)=7.1407350849e-002; w1(4,3)=-3.8496293869e-001; w1(4,4)=3.8908896318e-001; 
w10(5,1)=5.9927522978e-001; w1(5,1)=5.7044880734e-001; w1(5,2)=1.3137236662e+000; w1(5,3)=2.1040278455e-001; w1(5,4)=-9.2605263224e-001; 
w10(6,1)=2.3784718914e-002; w1(6,1)=-2.7329981272e-001; w1(6,2)=-1.5510427800e+000; w1(6,3)=-4.4678173126e-002; w1(6,4)=-5.5620022772e-002; 
w10(7,1)=3.8699122555e-001; w1(7,1)=1.3063901406e+000; w1(7,2)=-1.1166594669e+000; w1(7,3)=2.4524242114e-001; w1(7,4)=1.4157978068e+000; 
w10(8,1)=-4.1266232144e-001; w1(8,1)=-3.5068238919e-003; w1(8,2)=-3.2556482920e-001; w1(8,3)=4.3028222218e-001; w1(8,4)=2.1550106021e-002; 
w10(9,1)=6.7260227456e-001; w1(9,1)=-4.2339891322e-002; w1(9,2)=1.6704320364e+000; w1(9,3)=5.2417280526e-001; w1(9,4)=-9.1533381943e-001; 
w10(10,1)=-2.7463672431e-001; w1(10,1)=2.7401706613e-001; w1(10,2)=-1.3507559662e-001; w1(10,3)=-7.7786729034e-001; w1(10,4)=5.1479927652e-001; 
w20=-2.2370626914e-001; w2(1)=-7.6982383106e-001; w2(2)=-4.4802696406e-002; w2(3)=-1.3783018375e+000; w2(4)=-2.0820753901e-001; w2(5)=1.3435104767e-002; w2(6)=5.1781858134e-002; w2(7)=-2.8888978918e-002; w2(8)=2.4764277456e-001; w2(9)=3.4077288279e-002; w2(10)=-9.4799709840e-001; 

