
%liczba neuronów ukrytych: 6, liczba wejœæ sieci: 4
%wejœcie 1: u(k-3)
%wejœcie 2: u(k-4)
%wejœcie 3: y(k-1)
%wejœcie 4: y(k-2)
%uczenie w trybie OE
w10(1,1)=-1.0162575873e+000; w1(1,1)=6.7970956975e-001; w1(1,2)=-5.3435872394e-001; w1(1,3)=4.6678912545e-001; w1(1,4)=9.1227869073e-001; 
w10(2,1)=4.0643280535e-002; w1(2,1)=6.6940801831e-001; w1(2,2)=-7.7557608050e-001; w1(2,3)=-3.5651633662e-001; w1(2,4)=-1.0892793455e-001; 
w10(3,1)=8.3760474284e-001; w1(3,1)=7.5314469300e-001; w1(3,2)=2.0076787809e+000; w1(3,3)=7.0533984260e-001; w1(3,4)=-9.7832971200e-001; 
w10(4,1)=4.6796944147e-001; w1(4,1)=1.8261275030e-001; w1(4,2)=-2.3510355999e-001; w1(4,3)=2.2487144774e-001; w1(4,4)=2.2925194011e-001; 
w10(5,1)=5.7145383427e-002; w1(5,1)=-2.2320869993e-001; w1(5,2)=1.1486114341e+000; w1(5,3)=2.6779352416e-001; w1(5,4)=-2.3596203453e-001; 
w10(6,1)=5.8942417008e-002; w1(6,1)=-2.6375180776e-001; w1(6,2)=1.1867342029e+000; w1(6,3)=1.2802361656e+000; w1(6,4)=-1.1821552502e+000; 
w20=-4.7856819270e-001; w2(1)=2.1797875818e-001; w2(2)=-4.6550288452e-001; w2(3)=1.3552649991e-002; w2(4)=1.5122766187e+000; w2(5)=-1.0154184649e+000; w2(6)=9.0533883507e-001; 

