
%liczba neuronów ukrytych: 8, liczba wejœæ sieci: 4
%wejœcie 1: u(k-3)
%wejœcie 2: u(k-4)
%wejœcie 3: y(k-1)
%wejœcie 4: y(k-2)
%uczenie w trybie OE
w10(1,1)=-6.8102178388e-002; w1(1,1)=-8.7618040285e-001; w1(1,2)=-1.6629003139e+000; w1(1,3)=4.6555648483e-001; w1(1,4)=-3.2458294229e-001; 
w10(2,1)=-1.6976761972e+000; w1(2,1)=5.3190059196e-001; w1(2,2)=-5.6548674621e-001; w1(2,3)=-2.1161344381e-001; w1(2,4)=-1.0228432558e+000; 
w10(3,1)=-2.0273958636e-001; w1(3,1)=-2.8228382725e-001; w1(3,2)=2.7337190828e-001; w1(3,3)=-5.4128632234e-002; w1(3,4)=5.6384262211e-001; 
w10(4,1)=-1.5357563119e-001; w1(4,1)=-1.3224006954e+000; w1(4,2)=-1.5205920409e+000; w1(4,3)=6.4121480567e-001; w1(4,4)=-2.9858102955e-001; 
w10(5,1)=2.8862551949e-002; w1(5,1)=2.8025662638e-001; w1(5,2)=-2.3594165883e-001; w1(5,3)=1.3975060015e+000; w1(5,4)=-1.0134056441e+000; 
w10(6,1)=-1.0633087924e+000; w1(6,1)=5.2722423387e-002; w1(6,2)=-2.0861366951e+000; w1(6,3)=1.3487885058e-001; w1(6,4)=-1.1085877361e+000; 
w10(7,1)=5.4256209554e-001; w1(7,1)=-1.8899800865e+000; w1(7,2)=3.3283631491e-001; w1(7,3)=-5.7836583896e-001; w1(7,4)=1.3658979861e+000; 
w10(8,1)=4.7445638531e-001; w1(8,1)=2.1706245727e-001; w1(8,2)=-1.0054093645e-001; w1(8,3)=1.4324110489e-001; w1(8,4)=-5.8380168290e-001; 
w20=1.1771473422e-001; w2(1)=8.8909559743e-003; w2(2)=-2.5537918807e-001; w2(3)=6.9269652097e-001; w2(4)=-3.5274624041e-002; w2(5)=9.7320074063e-001; w2(6)=-2.0372470810e-002; w2(7)=-2.2393232134e-002; w2(8)=-5.7906042638e-001; 

