
%liczba neuronów ukrytych: 6, liczba wejœæ sieci: 4
%wejœcie 1: u(k-3)
%wejœcie 2: u(k-4)
%wejœcie 3: y(k-1)
%wejœcie 4: y(k-2)
%uczenie w trybie OE
w10(1,1)=1.5404405991e+000; w1(1,1)=1.4680507837e+000; w1(1,2)=-1.3542613989e-001; w1(1,3)=3.7601849116e-001; w1(1,4)=-1.9384326257e+000; 
w10(2,1)=-5.1386486045e-001; w1(2,1)=2.4918473179e-002; w1(2,2)=-2.2321169127e-002; w1(2,3)=9.6374681308e-001; w1(2,4)=-1.3202348411e-001; 
w10(3,1)=-5.5459717735e-001; w1(3,1)=6.6976236362e-001; w1(3,2)=-2.2350709292e+000; w1(3,3)=-1.1461160978e+000; w1(3,4)=1.2073127378e-001; 
w10(4,1)=-1.0643613516e-002; w1(4,1)=7.2537787668e-002; w1(4,2)=2.2990159328e+000; w1(4,3)=-9.6141006398e-002; w1(4,4)=-3.7534009358e-001; 
w10(5,1)=-2.2460950603e-001; w1(5,1)=-6.6004812390e-002; w1(5,2)=-1.5339329390e+000; w1(5,3)=5.9327751325e-002; w1(5,4)=-1.1379465639e-001; 
w10(6,1)=-1.0589570569e+000; w1(6,1)=-5.3819183792e-002; w1(6,2)=3.7429338300e-002; w1(6,3)=-1.2327597692e+000; w1(6,4)=4.0652177322e-001; 
w20=-3.2140041055e-001; w2(1)=-3.2666079585e-002; w2(2)=9.2101250094e-001; w2(3)=-5.3477662162e-002; w2(4)=3.9102412847e-002; w2(5)=2.8301812068e-002; w2(6)=-9.7624047259e-001; 

