
%liczba neuronów ukrytych: 8, liczba wejœæ sieci: 4
%wejœcie 1: u(k-3)
%wejœcie 2: u(k-4)
%wejœcie 3: y(k-1)
%wejœcie 4: y(k-2)
%uczenie w trybie OE
w10(1,1)=2.1278440665e-001; w1(1,1)=-3.0547313388e+000; w1(1,2)=-2.2935191190e+000; w1(1,3)=-1.7525630950e-001; w1(1,4)=-8.6049723489e-002; 
w10(2,1)=-4.1959452990e-001; w1(2,1)=6.3921330989e-001; w1(2,2)=1.1809271135e+000; w1(2,3)=-9.5779722874e-002; w1(2,4)=-2.5478896297e-002; 
w10(3,1)=-8.7566711319e-002; w1(3,1)=5.8494285207e-001; w1(3,2)=-5.9728240930e-001; w1(3,3)=-1.3028843773e+000; w1(3,4)=9.2399934709e-001; 
w10(4,1)=1.1851373314e+000; w1(4,1)=-5.5784826526e-001; w1(4,2)=4.2530725611e-001; w1(4,3)=-6.2933763618e-001; w1(4,4)=-1.4236845604e+000; 
w10(5,1)=-3.6191511036e-001; w1(5,1)=2.4842342832e-001; w1(5,2)=-2.3312232892e-001; w1(5,3)=3.9876703289e-001; w1(5,4)=9.3457236196e-002; 
w10(6,1)=-1.8531172952e-001; w1(6,1)=8.7574259416e-001; w1(6,2)=5.4315045197e-001; w1(6,3)=2.5505098999e-002; w1(6,4)=4.3286259070e-001; 
w10(7,1)=-3.4767915880e-001; w1(7,1)=-7.3795301449e-001; w1(7,2)=-1.1089323336e+000; w1(7,3)=-3.9509985936e-001; w1(7,4)=-3.4523526251e-001; 
w10(8,1)=-9.9532863355e-001; w1(8,1)=-2.5686527571e-001; w1(8,2)=3.1785945208e-001; w1(8,3)=-4.7851481356e-001; w1(8,4)=-1.6023444423e-001; 
w20=-1.7616539738e-001; w2(1)=4.0246984678e-003; w2(2)=-5.1827635175e-002; w2(3)=-6.0378573651e-001; w2(4)=-3.1916209563e-002; w2(5)=1.1636267595e+000; w2(6)=4.1077044024e-002; w2(7)=3.2800320890e-002; w2(8)=-7.2490424524e-001; 

