
%liczba neuronów ukrytych: 3, liczba wejœæ sieci: 4
%wejœcie 1: u(k-3)
%wejœcie 2: u(k-4)
%wejœcie 3: y(k-1)
%wejœcie 4: y(k-2)
%uczenie w trybie OE
w10(1,1)=-5.3923079398e-001; w1(1,1)=5.6506176677e-001; w1(1,2)=4.1414732728e-001; w1(1,3)=-6.8665868256e-001; w1(1,4)=5.2946701982e-001; 
w10(2,1)=7.9013194496e-003; w1(2,1)=2.2818336616e-002; w1(2,2)=-1.2388775005e-003; w1(2,3)=-2.8671273933e-001; w1(2,4)=5.5043411996e-002; 
w10(3,1)=1.1007895596e+000; w1(3,1)=-9.5717186845e-001; w1(3,2)=-4.6811125857e-001; w1(3,3)=1.6612616204e-001; w1(3,4)=-3.2985805207e-001; 
w20=6.8650275851e-002; w2(1)=4.5850377960e-001; w2(2)=-4.2997271714e+000; w2(3)=2.3808418188e-001; 

