
%liczba neuronów ukrytych: 2, liczba wejœæ sieci: 4
%wejœcie 1: u(k-3)
%wejœcie 2: u(k-4)
%wejœcie 3: y(k-1)
%wejœcie 4: y(k-2)
%uczenie w trybie OE
w10(1,1)=4.2118435644e-001; w1(1,1)=1.7887914723e+001; w1(1,2)=-2.5344543868e+001; w1(1,3)=3.5724872444e+001; w1(1,4)=-3.2447936385e+001; 
w10(2,1)=-2.3967378557e-001; w1(2,1)=-1.2210581085e-002; w1(2,2)=-4.6360280610e-003; w1(2,3)=-5.1152819461e-001; w1(2,4)=5.7087140862e-002; 
w20=-4.9321666133e-001; w2(1)=-3.9939857158e-002; w2(2)=-2.1517736886e+000; 

