
%liczba neuronów ukrytych: 7, liczba wejœæ sieci: 4
%wejœcie 1: u(k-3)
%wejœcie 2: u(k-4)
%wejœcie 3: y(k-1)
%wejœcie 4: y(k-2)
%uczenie w trybie OE
w10(1,1)=-1.0711535791e+000; w1(1,1)=1.9042142802e-001; w1(1,2)=-3.4364234449e-001; w1(1,3)=-1.0485725874e+000; w1(1,4)=3.2625344997e-001; 
w10(2,1)=-1.3251035788e-001; w1(2,1)=1.1054222711e-001; w1(2,2)=-1.9170103976e-001; w1(2,3)=5.8623166865e-001; w1(2,4)=-1.8251439115e-001; 
w10(3,1)=-9.7805681397e-002; w1(3,1)=-2.2137860020e-002; w1(3,2)=2.6743727496e-001; w1(3,3)=-8.0456605547e-001; w1(3,4)=5.8962084576e-001; 
w10(4,1)=8.2462522908e-001; w1(4,1)=3.8163520231e-002; w1(4,2)=-9.8169045384e-003; w1(4,3)=3.1721295191e-001; w1(4,4)=1.3019900562e-001; 
w10(5,1)=-6.5746852207e-001; w1(5,1)=4.8333728065e-003; w1(5,2)=1.5871828839e-001; w1(5,3)=3.4449948651e-001; w1(5,4)=2.1115620445e-001; 
w10(6,1)=8.4442573077e-002; w1(6,1)=1.2988026742e+000; w1(6,2)=5.7195592018e-001; w1(6,3)=-6.6431088476e-001; w1(6,4)=7.9442838589e-001; 
w10(7,1)=8.4588785660e-001; w1(7,1)=1.9684966258e-001; w1(7,2)=1.9641283352e+000; w1(7,3)=5.3934421156e-001; w1(7,4)=-1.2877887243e+000; 
w20=-1.2177349538e-001; w2(1)=-5.1600591633e-001; w2(2)=5.3913003325e-001; w2(3)=-5.1948327911e-001; w2(4)=4.6872294892e-001; w2(5)=1.0281115557e+000; w2(6)=-5.5389325229e-002; w2(7)=2.0927637405e-002; 

