
%liczba neuronów ukrytych: 9, liczba wejœæ sieci: 4
%wejœcie 1: u(k-3)
%wejœcie 2: u(k-4)
%wejœcie 3: y(k-1)
%wejœcie 4: y(k-2)
%uczenie w trybie OE
w10(1,1)=-7.1354784356e-003; w1(1,1)=1.1137273804e-001; w1(1,2)=1.7786344950e+000; w1(1,3)=7.4841359925e-001; w1(1,4)=-6.7646004204e-001; 
w10(2,1)=-6.8505689039e-001; w1(2,1)=-8.7648540053e-001; w1(2,2)=-5.2004910246e-001; w1(2,3)=-7.4605927379e-002; w1(2,4)=7.0830447262e-002; 
w10(3,1)=3.3742541380e-001; w1(3,1)=-7.4916761572e-001; w1(3,2)=5.9979244490e-001; w1(3,3)=1.3371756519e-001; w1(3,4)=-5.1875325269e-001; 
w10(4,1)=-1.6946584891e-001; w1(4,1)=-2.7763026066e-001; w1(4,2)=9.0785647124e-001; w1(4,3)=1.8963468001e-001; w1(4,4)=-3.2906499262e-001; 
w10(5,1)=-2.1749269283e-001; w1(5,1)=-3.1223338343e-001; w1(5,2)=3.0350681273e-001; w1(5,3)=-2.8626404099e-001; w1(5,4)=-1.5260229128e-001; 
w10(6,1)=1.0446849536e-001; w1(6,1)=-7.1956962522e-001; w1(6,2)=7.2394862647e-001; w1(6,3)=1.1545076854e+000; w1(6,4)=-7.2991651482e-001; 
w10(7,1)=4.4276136596e-001; w1(7,1)=1.6849817631e+000; w1(7,2)=-5.5013282416e-002; w1(7,3)=-3.6879661805e-001; w1(7,4)=1.0053370849e-001; 
w10(8,1)=3.9217494830e-001; w1(8,1)=8.9764444674e-001; w1(8,2)=-8.2836302306e-001; w1(8,3)=1.9929062952e-001; w1(8,4)=9.3527192667e-001; 
w10(9,1)=2.0951462021e-001; w1(9,1)=-5.3147742970e-001; w1(9,2)=1.6313867799e+000; w1(9,3)=7.6877875435e-001; w1(9,4)=-7.6889337260e-001; 
w20=-1.9356251655e-001; w2(1)=-1.4231832914e-001; w2(2)=1.6779239372e-001; w2(3)=-5.1335142232e-001; w2(4)=-2.7998924304e-001; w2(5)=-1.3904848103e+000; w2(6)=8.0950682914e-001; w2(7)=8.3089107781e-002; w2(8)=-1.7006440536e-001; w2(9)=2.8633898693e-001; 

