
%liczba neuronów ukrytych: 6, liczba wejœæ sieci: 4
%wejœcie 1: u(k-3)
%wejœcie 2: u(k-4)
%wejœcie 3: y(k-1)
%wejœcie 4: y(k-2)
%uczenie w trybie OE
w10(1,1)=3.5697192347e-001; w1(1,1)=-2.0418317806e-002; w1(1,2)=-1.0316343231e-002; w1(1,3)=5.7447428454e-001; w1(1,4)=-2.6797809713e-001; 
w10(2,1)=-4.4725845275e-002; w1(2,1)=8.0510768356e-002; w1(2,2)=7.4263127101e-001; w1(2,3)=1.1706833508e+000; w1(2,4)=-9.9788195508e-001; 
w10(3,1)=2.6683455556e-002; w1(3,1)=-1.0121657499e+000; w1(3,2)=-1.5031915059e-001; w1(3,3)=2.7561192602e-001; w1(3,4)=-3.6919408581e-001; 
w10(4,1)=-1.8838610491e-001; w1(4,1)=8.8176228232e-001; w1(4,2)=1.2381393376e+000; w1(4,3)=3.6711626972e-001; w1(4,4)=-9.0132852729e-001; 
w10(5,1)=-8.8419086249e-001; w1(5,1)=2.4559854722e-001; w1(5,2)=-2.7299872923e-001; w1(5,3)=-4.2003045924e-001; w1(5,4)=9.4022984894e-001; 
w10(6,1)=-6.7406461045e-001; w1(6,1)=-2.3267093266e-001; w1(6,2)=3.4795302068e-001; w1(6,3)=-1.2638015320e-002; w1(6,4)=-3.9000908533e-001; 
w20=-3.7974946017e-001; w2(1)=1.8998094214e+000; w2(2)=3.5634174034e-001; w2(3)=2.1914803876e-001; w2(4)=-1.3741762849e-002; w2(5)=8.6541512122e-001; w2(6)=-5.9517970674e-001; 

