
%liczba neuronów ukrytych: 9, liczba wejœæ sieci: 4
%wejœcie 1: u(k-3)
%wejœcie 2: u(k-4)
%wejœcie 3: y(k-1)
%wejœcie 4: y(k-2)
%uczenie w trybie OE
w10(1,1)=2.5371044111e-002; w1(1,1)=3.1659018855e-004; w1(1,2)=8.2310160872e-002; w1(1,3)=-8.5188345790e-001; w1(1,4)=4.7308253461e-001; 
w10(2,1)=1.6466938001e-001; w1(2,1)=8.6321166929e-001; w1(2,2)=5.3995297391e-001; w1(2,3)=2.1141065818e-001; w1(2,4)=-3.5320815913e-001; 
w10(3,1)=-3.5059723609e-001; w1(3,1)=3.2252571651e-001; w1(3,2)=6.5307271921e-002; w1(3,3)=1.1592775696e-001; w1(3,4)=2.2626210872e-001; 
w10(4,1)=-5.9149930089e-001; w1(4,1)=-1.3759964198e-001; w1(4,2)=1.8190501557e-001; w1(4,3)=-2.4991417712e-001; w1(4,4)=-1.7171930930e-001; 
w10(5,1)=1.1450770327e-001; w1(5,1)=8.7305397466e-001; w1(5,2)=5.2839181354e-001; w1(5,3)=-1.2438210425e-001; w1(5,4)=1.2092189038e-002; 
w10(6,1)=-8.4629029182e-001; w1(6,1)=3.8827287655e-001; w1(6,2)=-3.7829537996e-001; w1(6,3)=1.2268214938e-001; w1(6,4)=9.4049125350e-001; 
w10(7,1)=-5.1956767693e-001; w1(7,1)=1.2100916019e+000; w1(7,2)=-8.5278409308e-001; w1(7,3)=-2.1279629994e-001; w1(7,4)=9.6208640177e-001; 
w10(8,1)=-1.1439313092e-001; w1(8,1)=3.9155500543e-001; w1(8,2)=-3.8683206788e-001; w1(8,3)=-6.5636226433e-001; w1(8,4)=3.7515656380e-001; 
w10(9,1)=-4.1652030683e-001; w1(9,1)=-2.5101289236e-001; w1(9,2)=1.4058363398e+000; w1(9,3)=1.2078737376e+000; w1(9,4)=8.3136289170e-001; 
w20=-3.9942637417e-001; w2(1)=-6.9832055721e-001; w2(2)=5.3326599460e-001; w2(3)=3.0932791055e-001; w2(4)=-1.1061928606e+000; w2(5)=-5.8965264160e-001; w2(6)=2.2193744704e-001; w2(7)=3.8787181417e-003; w2(8)=-5.6771863091e-001; w2(9)=-1.0595697176e-002; 

