
%liczba neuronów ukrytych: 9, liczba wejœæ sieci: 4
%wejœcie 1: u(k-3)
%wejœcie 2: u(k-4)
%wejœcie 3: y(k-1)
%wejœcie 4: y(k-2)
%uczenie w trybie OE
w10(1,1)=4.7785498822e-002; w1(1,1)=4.7206565693e-001; w1(1,2)=-6.8642844493e-001; w1(1,3)=6.7638726717e-001; w1(1,4)=-2.6686621341e-001; 
w10(2,1)=9.5519767290e-001; w1(2,1)=-6.8372964770e-002; w1(2,2)=-9.6889612677e-002; w1(2,3)=-2.4942978925e-001; w1(2,4)=-6.0551947232e-001; 
w10(3,1)=8.6123010781e-002; w1(3,1)=-9.5848476090e-001; w1(3,2)=-1.5533293643e+000; w1(3,3)=-4.2389613756e-001; w1(3,4)=1.5731571012e-001; 
w10(4,1)=1.8399119947e-001; w1(4,1)=9.6168304484e-001; w1(4,2)=-1.3810680279e-001; w1(4,3)=-5.1021743750e-001; w1(4,4)=4.8589087563e-001; 
w10(5,1)=-2.6725216418e-001; w1(5,1)=-7.7676296012e-001; w1(5,2)=1.0530293326e+000; w1(5,3)=4.7015689169e-001; w1(5,4)=-7.7346467983e-001; 
w10(6,1)=-4.7758191723e-001; w1(6,1)=4.0978181444e-001; w1(6,2)=-1.6856964182e+000; w1(6,3)=-6.2610169507e-001; w1(6,4)=1.3042551266e+000; 
w10(7,1)=2.9035345237e-001; w1(7,1)=-6.7422667403e-002; w1(7,2)=6.4870212337e-001; w1(7,3)=-3.8178809874e-001; w1(7,4)=-7.4102140229e-001; 
w10(8,1)=5.8829252390e-001; w1(8,1)=-8.2794672163e-002; w1(8,2)=2.2059650292e-001; w1(8,3)=8.2600645610e-001; w1(8,4)=-1.9862051793e-001; 
w10(9,1)=1.2443486342e+000; w1(9,1)=2.1936089950e-001; w1(9,2)=-4.1924353530e-001; w1(9,3)=4.1708643439e-002; w1(9,4)=5.5756152834e-001; 
w20=-2.4113411842e-001; w2(1)=6.4952692826e-001; w2(2)=-6.6533068351e-001; w2(3)=2.9754640083e-002; w2(4)=-1.2792136451e-001; w2(5)=2.1236815244e-001; w2(6)=-6.7188562894e-002; w2(7)=-5.8203802104e-002; w2(8)=8.8765470755e-001; w2(9)=3.5113929392e-001; 

