
%liczba neuronów ukrytych: 7, liczba wejœæ sieci: 4
%wejœcie 1: u(k-3)
%wejœcie 2: u(k-4)
%wejœcie 3: y(k-1)
%wejœcie 4: y(k-2)
%uczenie w trybie OE
w10(1,1)=4.4386119411e-001; w1(1,1)=1.1232152898e+000; w1(1,2)=2.5872777848e-001; w1(1,3)=3.8142842468e-001; w1(1,4)=-2.3101645516e-001; 
w10(2,1)=-3.1540436198e-001; w1(2,1)=3.4921868959e-001; w1(2,2)=-4.1112171555e-001; w1(2,3)=2.6008645005e-001; w1(2,4)=4.0909553530e-001; 
w10(3,1)=4.3167690176e-001; w1(3,1)=1.1082678687e+000; w1(3,2)=2.5842830412e-001; w1(3,3)=6.4811436921e-001; w1(3,4)=-5.3011325255e-001; 
w10(4,1)=-4.0692852637e-001; w1(4,1)=1.2696871137e+000; w1(4,2)=1.1774380640e+000; w1(4,3)=4.3527340298e-002; w1(4,4)=-2.6165221550e-001; 
w10(5,1)=7.2695748570e-001; w1(5,1)=7.0743979227e-002; w1(5,2)=-1.5718172673e-001; w1(5,3)=-1.4267246633e+000; w1(5,4)=4.1948173740e-001; 
w10(6,1)=-1.4526653137e+000; w1(6,1)=2.9174817813e+000; w1(6,2)=2.7980167739e+000; w1(6,3)=-3.2076885273e-003; w1(6,4)=1.1198048832e-001; 
w10(7,1)=-7.6249461069e-001; w1(7,1)=1.1142694722e-002; w1(7,2)=5.0627915733e-003; w1(7,3)=-9.2886766889e-001; w1(7,4)=2.5312202875e-001; 
w20=-3.6274772439e-001; w2(1)=-4.6827785534e-001; w2(2)=2.3009621308e-001; w2(3)=4.5217604084e-001; w2(4)=-4.1012516480e-002; w2(5)=-5.4449204806e-001; w2(6)=1.4523870881e-003; w2(7)=-1.1952071952e+000; 

