
%liczba neuronów ukrytych: 9, liczba wejœæ sieci: 4
%wejœcie 1: u(k-3)
%wejœcie 2: u(k-4)
%wejœcie 3: y(k-1)
%wejœcie 4: y(k-2)
%uczenie w trybie ARX
w10(1,1)=-1.7078881573e-001; w1(1,1)=-2.7100842577e-001; w1(1,2)=-5.8921003449e-001; w1(1,3)=6.7361735223e-001; w1(1,4)=-5.1183384972e-001; 
w10(2,1)=3.8372748823e-003; w1(2,1)=-3.9469565032e-002; w1(2,2)=-1.0180146488e-001; w1(2,3)=5.0482369229e-001; w1(2,4)=-1.1349829646e-001; 
w10(3,1)=6.0758192933e-001; w1(3,1)=-4.4958633392e-002; w1(3,2)=-1.7652893104e-001; w1(3,3)=-6.9119598050e-001; w1(3,4)=2.8057897327e-001; 
w10(4,1)=-8.4273838626e-001; w1(4,1)=4.8182045149e-002; w1(4,2)=-8.9267526381e-002; w1(4,3)=-5.1112547906e-001; w1(4,4)=-1.5306400331e-002; 
w10(5,1)=-5.3220342472e-002; w1(5,1)=-3.7699343413e-002; w1(5,2)=8.0094078850e-002; w1(5,3)=-1.3028335003e-001; w1(5,4)=-1.2946507924e-001; 
w10(6,1)=3.6704380775e-001; w1(6,1)=3.5520290175e-001; w1(6,2)=6.0238080246e-001; w1(6,3)=-2.6322383791e-001; w1(6,4)=-2.1076015815e-002; 
w10(7,1)=1.9516195619e-001; w1(7,1)=1.2510561747e-002; w1(7,2)=2.8411002608e-002; w1(7,3)=-2.5398223559e-001; w1(7,4)=-1.4325522345e-001; 
w10(8,1)=5.3858548033e-001; w1(8,1)=1.0298537388e-001; w1(8,2)=6.3133170507e-002; w1(8,3)=-5.3080334105e-001; w1(8,4)=-4.0011168003e-002; 
w10(9,1)=1.2924097252e-001; w1(9,1)=-1.9065569905e-001; w1(9,2)=2.2255218888e-002; w1(9,3)=1.8466461059e-001; w1(9,4)=4.7518210513e-001; 
w20=1.1431746638e-001; w2(1)=5.0533060170e-001; w2(2)=5.9641561113e-001; w2(3)=-1.0219444204e+000; w2(4)=-9.2197327324e-001; w2(5)=-2.0533802415e-001; w2(6)=3.5285678458e-001; w2(7)=-2.3707019965e-001; w2(8)=-3.6044113341e-001; w2(9)=-1.7633191481e-001; 

