
%liczba neuronów ukrytych: 9, liczba wejœæ sieci: 4
%wejœcie 1: u(k-3)
%wejœcie 2: u(k-4)
%wejœcie 3: y(k-1)
%wejœcie 4: y(k-2)
%uczenie w trybie OE
w10(1,1)=2.3901592376e-001; w1(1,1)=3.7914944244e-001; w1(1,2)=-9.7156719540e-001; w1(1,3)=-5.2145042203e-001; w1(1,4)=8.5573672460e-001; 
w10(2,1)=1.5831045645e-001; w1(2,1)=4.2212007395e-001; w1(2,2)=-1.2071379191e+000; w1(2,3)=-1.1661573591e+000; w1(2,4)=1.3876416036e+000; 
w10(3,1)=8.2467528796e-001; w1(3,1)=-1.0781976059e-001; w1(3,2)=1.7629663482e-001; w1(3,3)=-8.4875998957e-001; w1(3,4)=7.1355203367e-002; 
w10(4,1)=2.9079197836e-001; w1(4,1)=7.7997927176e-001; w1(4,2)=-1.6742365106e+000; w1(4,3)=-3.4688997833e-001; w1(4,4)=7.3391121701e-001; 
w10(5,1)=-1.1758388367e-002; w1(5,1)=1.8854646349e-001; w1(5,2)=1.7571521544e+000; w1(5,3)=7.0974874355e-001; w1(5,4)=-1.2337367060e+000; 
w10(6,1)=1.3178621262e-001; w1(6,1)=-8.0561307129e-001; w1(6,2)=-5.4782949147e-001; w1(6,3)=5.5002400044e-001; w1(6,4)=-4.3751995437e-001; 
w10(7,1)=1.0311442330e+000; w1(7,1)=-1.0193423335e+000; w1(7,2)=4.0387249986e-001; w1(7,3)=5.1595237428e-001; w1(7,4)=-8.9508627140e-001; 
w10(8,1)=-5.9986847828e-001; w1(8,1)=4.0865522265e-001; w1(8,2)=-6.0005731806e-001; w1(8,3)=-6.9265710955e-001; w1(8,4)=2.4320472846e-001; 
w10(9,1)=5.2722121957e-001; w1(9,1)=1.3137039770e-001; w1(9,2)=-2.8200367508e-001; w1(9,3)=3.4396990944e-001; w1(9,4)=3.5727192842e-002; 
w20=-4.6559527763e-001; w2(1)=3.1127833480e-001; w2(2)=-5.0613602531e-001; w2(3)=-6.2539809915e-001; w2(4)=1.2351929273e-001; w2(5)=2.2595077948e-003; w2(6)=1.1809098097e-001; w2(7)=-2.2029876720e-001; w2(8)=-6.3781954553e-001; w2(9)=1.3937550718e+000; 

