
%liczba neuronów ukrytych: 5, liczba wejœæ sieci: 4
%wejœcie 1: u(k-3)
%wejœcie 2: u(k-4)
%wejœcie 3: y(k-1)
%wejœcie 4: y(k-2)
%uczenie w trybie OE
w10(1,1)=1.7446995426e+000; w1(1,1)=8.7352432506e-001; w1(1,2)=-8.9377147978e-001; w1(1,3)=1.3254573743e+000; w1(1,4)=7.9221021645e-001; 
w10(2,1)=-6.7221956936e-001; w1(2,1)=-3.7759401652e-002; w1(2,2)=1.4416523043e-002; w1(2,3)=8.3619797005e-001; w1(2,4)=-1.6672225763e-001; 
w10(3,1)=-8.3865896042e-001; w1(3,1)=-1.3838777087e-001; w1(3,2)=-1.7478562760e+000; w1(3,3)=1.5637928546e-001; w1(3,4)=-4.3244615270e-002; 
w10(4,1)=5.2937178562e-001; w1(4,1)=2.9986296876e-001; w1(4,2)=1.3478482892e+000; w1(4,3)=6.6335257347e-001; w1(4,4)=-6.0956783985e-001; 
w10(5,1)=7.3219415631e-001; w1(5,1)=3.2730384963e-002; w1(5,2)=-1.0639361866e-002; w1(5,3)=7.9412529636e-001; w1(5,4)=-2.7542469060e-001; 
w20=-4.2128385296e-001; w2(1)=-9.7495227121e-003; w2(2)=9.9106065453e-001; w2(3)=8.2420335825e-002; w2(4)=1.2142950555e-001; w2(5)=1.6164368445e+000; 

