
%liczba neuronów ukrytych: 1, liczba wejœæ sieci: 4
%wejœcie 1: u(k-3)
%wejœcie 2: u(k-4)
%wejœcie 3: y(k-1)
%wejœcie 4: y(k-2)
%uczenie w trybie OE
w10(1,1)=-2.0607561003e-001; w1(1,1)=-1.1797629490e-002; w1(1,2)=-7.5672559953e-002; w1(1,3)=-6.3335582385e-002; w1(1,4)=-4.2961143754e-001; 
w20=-3.8018933206e-001; w2(1)=-1.8875820040e+000; 

