
%liczba neuronów ukrytych: 10, liczba wejœæ sieci: 4
%wejœcie 1: u(k-3)
%wejœcie 2: u(k-4)
%wejœcie 3: y(k-1)
%wejœcie 4: y(k-2)
%uczenie w trybie OE
w10(1,1)=3.5726631883e-002; w1(1,1)=2.4635253445e-001; w1(1,2)=-3.4104577725e-001; w1(1,3)=-2.7034018058e-001; w1(1,4)=5.2163393658e-001; 
w10(2,1)=4.3606655910e-002; w1(2,1)=4.0490808381e-001; w1(2,2)=-1.3555808173e+000; w1(2,3)=-8.1218893695e-001; w1(2,4)=1.4552424172e+000; 
w10(3,1)=-1.3197686004e+000; w1(3,1)=-7.6543050468e-001; w1(3,2)=1.5334423974e+000; w1(3,3)=4.6104032513e-002; w1(3,4)=-3.7697308927e-001; 
w10(4,1)=-9.5383763158e-002; w1(4,1)=1.6635940889e-002; w1(4,2)=2.2913387097e-001; w1(4,3)=-6.7564551259e-001; w1(4,4)=4.4532907041e-001; 
w10(5,1)=4.9816933904e-001; w1(5,1)=-6.4861244886e-002; w1(5,2)=1.4915078814e-001; w1(5,3)=4.5402309802e-001; w1(5,4)=-9.5465473784e-002; 
w10(6,1)=5.2955564628e-001; w1(6,1)=4.2295819519e-001; w1(6,2)=1.1437662102e+000; w1(6,3)=7.3410595910e-001; w1(6,4)=1.1616062383e-001; 
w10(7,1)=-1.6072682681e-001; w1(7,1)=1.5226378951e+000; w1(7,2)=1.2067407874e-001; w1(7,3)=-8.2434300321e-001; w1(7,4)=6.3596969723e-001; 
w10(8,1)=-6.6828829956e-002; w1(8,1)=7.2332561563e-001; w1(8,2)=4.5262446676e-001; w1(8,3)=-6.3826412263e-001; w1(8,4)=-3.5472073637e-001; 
w10(9,1)=-1.9145095688e-002; w1(9,1)=2.0642958928e-003; w1(9,2)=5.2359599184e-001; w1(9,3)=3.5223885263e-001; w1(9,4)=-1.4085103656e-001; 
w10(10,1)=7.1968318268e-001; w1(10,1)=-6.5808598313e-002; w1(10,2)=-7.7076414969e-002; w1(10,3)=-4.5689180352e-001; w1(10,4)=3.6482265453e-002; 
w20=-4.7665818622e-002; w2(1)=4.9351834803e-001; w2(2)=-7.7807402144e-002; w2(3)=-8.2452832844e-003; w2(4)=-9.7471367567e-001; w2(5)=1.2387115262e+000; w2(6)=-1.8275746980e-002; w2(7)=-6.5030802218e-002; w2(8)=-3.1887588272e-003; w2(9)=1.7708343701e-001; w2(10)=-1.0301552887e+000; 

