
%liczba neuronów ukrytych: 6, liczba wejœæ sieci: 4
%wejœcie 1: u(k-3)
%wejœcie 2: u(k-4)
%wejœcie 3: y(k-1)
%wejœcie 4: y(k-2)
%uczenie w trybie OE
w10(1,1)=2.1510940323e-002; w1(1,1)=8.2088563112e-002; w1(1,2)=-8.5778736578e-001; w1(1,3)=-8.1378069377e-001; w1(1,4)=8.9764292361e-001; 
w10(2,1)=-2.2187776936e-001; w1(2,1)=7.2290698550e-002; w1(2,2)=3.9975309241e-001; w1(2,3)=-1.6989725589e+000; w1(2,4)=1.2252353799e+000; 
w10(3,1)=-1.2295668411e-001; w1(3,1)=2.8662799946e-001; w1(3,2)=-1.0955722102e+000; w1(3,3)=2.8565493259e-003; w1(3,4)=9.0231265551e-002; 
w10(4,1)=5.3518059362e-001; w1(4,1)=-1.4338718550e-001; w1(4,2)=1.1719681947e-001; w1(4,3)=-1.3154088804e-001; w1(4,4)=-7.1497869319e-001; 
w10(5,1)=9.0036458555e-002; w1(5,1)=-1.2628972456e+000; w1(5,2)=8.6542649763e-002; w1(5,3)=1.1644956457e-001; w1(5,4)=-1.7672609779e-001; 
w10(6,1)=-9.3556841605e-001; w1(6,1)=-8.5122604009e-002; w1(6,2)=1.2603826739e-001; w1(6,3)=-2.5165468504e-001; w1(6,4)=-4.7219663198e-001; 
w20=-3.7624022297e-001; w2(1)=-6.7576572702e-001; w2(2)=-3.8077191652e-001; w2(3)=3.3880059675e-001; w2(4)=-7.6375860039e-001; w2(5)=1.3863080045e-001; w2(6)=-9.6882340245e-001; 

