
%liczba neuronów ukrytych: 9, liczba wejœæ sieci: 4
%wejœcie 1: u(k-3)
%wejœcie 2: u(k-4)
%wejœcie 3: y(k-1)
%wejœcie 4: y(k-2)
%uczenie w trybie OE
w10(1,1)=1.4182014090e-001; w1(1,1)=-1.6825928125e-001; w1(1,2)=-1.7117642088e+000; w1(1,3)=-3.9153267990e-001; w1(1,4)=5.4557597914e-001; 
w10(2,1)=-3.3408625320e-001; w1(2,1)=7.8456460130e-002; w1(2,2)=-1.7329092539e-001; w1(2,3)=-4.0830005002e-001; w1(2,4)=3.9791814910e-002; 
w10(3,1)=9.1339804801e-001; w1(3,1)=-2.8738666971e-001; w1(3,2)=9.7068530527e-002; w1(3,3)=-1.3749023667e-001; w1(3,4)=-4.3084795973e-001; 
w10(4,1)=-5.6770424390e-002; w1(4,1)=-9.9190865649e-002; w1(4,2)=-9.3539744406e-001; w1(4,3)=-5.6908526267e-001; w1(4,4)=7.4830447430e-001; 
w10(5,1)=4.8820785536e-001; w1(5,1)=-4.2708190291e-001; w1(5,2)=7.2474383627e-001; w1(5,3)=9.1476998094e-001; w1(5,4)=-5.0760613566e-001; 
w10(6,1)=-4.3766661324e-002; w1(6,1)=5.4098995391e-001; w1(6,2)=-1.4443345207e-001; w1(6,3)=-1.1022931677e+000; w1(6,4)=8.7901278159e-001; 
w10(7,1)=-7.1372385465e-001; w1(7,1)=-2.3630013399e-001; w1(7,2)=1.1051283143e-001; w1(7,3)=-2.0783921177e-001; w1(7,4)=-3.2165683652e-001; 
w10(8,1)=3.0457187795e-001; w1(8,1)=1.9482188448e-001; w1(8,2)=-3.2218745680e-001; w1(8,3)=1.7454922287e-001; w1(8,4)=2.1438627802e-001; 
w10(9,1)=-5.8246787226e-002; w1(9,1)=-5.5783726203e-002; w1(9,2)=-6.7867694898e-001; w1(9,3)=5.2222724498e-001; w1(9,4)=-4.2399828715e-001; 
w20=8.6645662684e-002; w2(1)=4.9782221677e-002; w2(2)=-2.8507141923e-001; w2(3)=-1.1960277325e+000; w2(4)=-2.9585302135e-001; w2(5)=2.1289433650e-001; w2(6)=-4.9216235536e-001; w2(7)=-8.0007140346e-001; w2(8)=2.6655317492e-001; w2(9)=4.2974722987e-001; 

