
%liczba neuronów ukrytych: 5, liczba wejœæ sieci: 4
%wejœcie 1: u(k-3)
%wejœcie 2: u(k-4)
%wejœcie 3: y(k-1)
%wejœcie 4: y(k-2)
%uczenie w trybie OE
w10(1,1)=-4.8489456637e-001; w1(1,1)=-6.5384475934e-001; w1(1,2)=8.6592960874e-001; w1(1,3)=8.0935237635e-001; w1(1,4)=-1.8704579013e+000; 
w10(2,1)=-7.2419652396e-002; w1(2,1)=4.2200197248e-001; w1(2,2)=-3.7095513184e-001; w1(2,3)=-4.8240243673e-001; w1(2,4)=7.8775838876e-001; 
w10(3,1)=1.4713241168e-001; w1(3,1)=-7.4761705376e-001; w1(3,2)=7.4041970865e-001; w1(3,3)=7.5343427825e-001; w1(3,4)=-3.4431553037e-001; 
w10(4,1)=9.8611163321e-003; w1(4,1)=-6.6078514485e-001; w1(4,2)=-1.6345165475e+000; w1(4,3)=-1.0195289413e+000; w1(4,4)=6.9653676003e-001; 
w10(5,1)=-3.1057718241e-001; w1(5,1)=-8.7874110187e-002; w1(5,2)=1.7297588697e-001; w1(5,3)=-1.2232517674e+000; w1(5,4)=6.4797674944e-001; 
w20=-2.5726372688e-001; w2(1)=2.1521421888e-001; w2(2)=1.0325049472e+000; w2(3)=5.8763632817e-001; w2(4)=3.7764569353e-002; w2(5)=-1.1379770796e+000; 

