
%liczba neuronów ukrytych: 7, liczba wejœæ sieci: 4
%wejœcie 1: u(k-3)
%wejœcie 2: u(k-4)
%wejœcie 3: y(k-1)
%wejœcie 4: y(k-2)
%uczenie w trybie OE
w10(1,1)=4.6122691295e-001; w1(1,1)=-5.0963428494e-001; w1(1,2)=4.0301793147e-001; w1(1,3)=-3.1045980771e-002; w1(1,4)=-1.7238970263e-001; 
w10(2,1)=-8.4569449692e-001; w1(2,1)=-5.2210666510e-001; w1(2,2)=2.2817933484e+000; w1(2,3)=5.5065761452e-001; w1(2,4)=-1.3492079277e+000; 
w10(3,1)=4.6104950447e-001; w1(3,1)=9.6680619689e-001; w1(3,2)=3.6287659519e-001; w1(3,3)=-1.8516659498e-001; w1(3,4)=7.5918121710e-001; 
w10(4,1)=-3.5669831006e-001; w1(4,1)=7.3485422879e-001; w1(4,2)=-5.7935386158e-001; w1(4,3)=-9.6219323762e-001; w1(4,4)=6.7662487629e-001; 
w10(5,1)=5.2050080643e-001; w1(5,1)=3.8169237399e-002; w1(5,2)=-5.6669960476e-002; w1(5,3)=-8.1246062234e-001; w1(5,4)=2.0258822241e-001; 
w10(6,1)=-1.0073913736e+000; w1(6,1)=-4.9110888772e-002; w1(6,2)=4.1149876100e-002; w1(6,3)=-9.6146049902e-001; w1(6,4)=2.9640134454e-001; 
w10(7,1)=1.3392118994e-001; w1(7,1)=-1.2797947711e+000; w1(7,2)=-1.7417223114e+000; w1(7,3)=-4.0503819662e-001; w1(7,4)=4.0610462805e-001; 
w20=-5.3585440760e-002; w2(1)=-5.3575590223e-001; w2(2)=-2.1115389256e-002; w2(3)=-3.3792009223e-002; w2(4)=-3.0430059320e-001; w2(5)=-1.1301934569e+000; w2(6)=-9.3911605622e-001; w2(7)=1.9031802722e-002; 

