
%liczba neuronów ukrytych: 10, liczba wejœæ sieci: 4
%wejœcie 1: u(k-3)
%wejœcie 2: u(k-4)
%wejœcie 3: y(k-1)
%wejœcie 4: y(k-2)
%uczenie w trybie OE
w10(1,1)=3.8984488534e-001; w1(1,1)=-5.4009078435e-001; w1(1,2)=-1.9009837718e+000; w1(1,3)=-5.0836441526e-001; w1(1,4)=1.2558839591e+000; 
w10(2,1)=1.8765834616e-001; w1(2,1)=1.8696917118e-001; w1(2,2)=-1.8847776010e-001; w1(2,3)=-9.9638069517e-001; w1(2,4)=6.6126721039e-001; 
w10(3,1)=-3.5291895469e-001; w1(3,1)=-3.6934001522e-001; w1(3,2)=-9.4859255426e-001; w1(3,3)=-3.5681183559e-001; w1(3,4)=8.0996581871e-001; 
w10(4,1)=-1.8459366277e-001; w1(4,1)=3.3300033217e-001; w1(4,2)=-7.6861313275e-001; w1(4,3)=2.5864869294e-001; w1(4,4)=2.6812256812e-001; 
w10(5,1)=1.2041491672e+000; w1(5,1)=5.4153048567e-001; w1(5,2)=-8.4089876554e-001; w1(5,3)=1.4963889219e-002; w1(5,4)=4.8085369696e-001; 
w10(6,1)=1.9669879245e-001; w1(6,1)=-5.0110294243e-001; w1(6,2)=4.9589193856e-001; w1(6,3)=3.9383235069e-001; w1(6,4)=-7.0331195264e-001; 
w10(7,1)=-1.1822853942e-001; w1(7,1)=7.7894141151e-001; w1(7,2)=-7.8473868575e-001; w1(7,3)=-6.8622543489e-001; w1(7,4)=3.7224944750e-001; 
w10(8,1)=4.1979261131e-002; w1(8,1)=3.1942814559e-001; w1(8,2)=1.1881170486e+000; w1(8,3)=5.7791914286e-001; w1(8,4)=-4.8258291914e-001; 
w10(9,1)=-2.1561778333e-001; w1(9,1)=-6.9464102538e-001; w1(9,2)=1.4040937227e+000; w1(9,3)=1.1703565396e+000; w1(9,4)=-9.4210890667e-001; 
w10(10,1)=-7.2451989558e-002; w1(10,1)=-1.7461251600e-001; w1(10,2)=2.1266680205e-001; w1(10,3)=-1.2452108104e-001; w1(10,4)=-9.2159067985e-001; 
w20=6.3221919267e-002; w2(1)=3.2377631242e-003; w2(2)=-1.2595946656e+000; w2(3)=-1.1128269844e-001; w2(4)=3.2260185362e-001; w2(5)=4.9322625198e-001; w2(6)=-9.7859381628e-001; w2(7)=-3.3299230917e-001; w2(8)=-1.4704212283e-001; w2(9)=2.7368901616e-001; w2(10)=8.7421224028e-002; 

