
%liczba neuronów ukrytych: 9, liczba wejœæ sieci: 4
%wejœcie 1: u(k-3)
%wejœcie 2: u(k-4)
%wejœcie 3: y(k-1)
%wejœcie 4: y(k-2)
%uczenie w trybie ARX
w10(1,1)=1.3464027104e-001; w1(1,1)=-3.1877907811e-001; w1(1,2)=1.1883516781e-001; w1(1,3)=1.9806056998e-001; w1(1,4)=4.7020595557e-001; 
w10(2,1)=-6.9343745778e-001; w1(2,1)=1.0274393211e-002; w1(2,2)=3.9494022607e-002; w1(2,3)=-5.2406832878e-001; w1(2,4)=1.4119497467e-001; 
w10(3,1)=-4.4871524257e-001; w1(3,1)=9.0567120606e-002; w1(3,2)=1.4994308170e-001; w1(3,3)=6.4559782274e-001; w1(3,4)=-3.2745078432e-001; 
w10(4,1)=-2.9181354706e-001; w1(4,1)=1.0562162248e-001; w1(4,2)=-9.6230108703e-002; w1(4,3)=-8.5310610711e-002; w1(4,4)=-1.8855377550e-001; 
w10(5,1)=2.5742895131e-001; w1(5,1)=4.6361118358e-001; w1(5,2)=4.9456929044e-001; w1(5,3)=-1.7558518154e-001; w1(5,4)=-1.7882900227e-001; 
w10(6,1)=1.0312031296e-001; w1(6,1)=6.8280462488e-001; w1(6,2)=7.0711666952e-001; w1(6,3)=-3.5573656283e-001; w1(6,4)=2.4473667683e-001; 
w10(7,1)=-7.8224787728e-002; w1(7,1)=-1.3567651424e-001; w1(7,2)=-2.2965825219e-001; w1(7,3)=5.4122878834e-001; w1(7,4)=-1.4661656371e-001; 
w10(8,1)=4.4937288539e-002; w1(8,1)=-4.9680657353e-002; w1(8,2)=4.8015565753e-002; w1(8,3)=4.5766754293e-002; w1(8,4)=1.5784096339e-001; 
w10(9,1)=-3.7281159608e-001; w1(9,1)=-8.0923244465e-002; w1(9,2)=-9.8360055645e-002; w1(9,3)=4.1028443884e-001; w1(9,4)=4.5513642647e-002; 
w20=-8.4373080270e-002; w2(1)=-2.9978084376e-001; w2(2)=-8.8297725830e-001; w2(3)=1.0156680297e+000; w2(4)=-5.8115576596e-001; w2(5)=3.3289747947e-001; w2(6)=-1.6111508610e-001; w2(7)=8.2599885214e-001; w2(8)=5.2450233231e-001; w2(9)=4.7585075151e-001; 

