
%liczba neuronów ukrytych: 6, liczba wejœæ sieci: 4
%wejœcie 1: u(k-3)
%wejœcie 2: u(k-4)
%wejœcie 3: y(k-1)
%wejœcie 4: y(k-2)
%uczenie w trybie OE
w10(1,1)=-8.4337333865e-001; w1(1,1)=4.7236676600e-001; w1(1,2)=1.1195171864e+000; w1(1,3)=-1.8971359900e-001; w1(1,4)=3.5411517024e-002; 
w10(2,1)=5.4639598764e-001; w1(2,1)=1.7184590843e-001; w1(2,2)=-5.8348795840e-002; w1(2,3)=6.4206856235e-001; w1(2,4)=-6.1737442403e-003; 
w10(3,1)=-3.0119148087e-001; w1(3,1)=1.5164952319e+000; w1(3,2)=2.2368505307e+000; w1(3,3)=-2.6034171718e-001; w1(3,4)=-5.0063874900e-001; 
w10(4,1)=8.5147715033e-001; w1(4,1)=-2.2721000224e-001; w1(4,2)=-3.4680082921e-002; w1(4,3)=-8.9505800840e-001; w1(4,4)=-3.2664328009e-001; 
w10(5,1)=-1.0568055812e+000; w1(5,1)=-2.2945078976e-002; w1(5,2)=2.2314567451e+000; w1(5,3)=8.2974012303e-001; w1(5,4)=-8.2351137017e-001; 
w10(6,1)=2.4695990249e-001; w1(6,1)=7.0209585128e-001; w1(6,2)=-9.9797238964e-002; w1(6,3)=-1.1301095148e+000; w1(6,4)=1.2024538982e+000; 
w20=-3.6426890556e-001; w2(1)=-1.7378001550e-001; w2(2)=1.3817919881e+000; w2(3)=-9.0171234901e-003; w2(4)=-4.4101103024e-001; w2(5)=8.3321701647e-002; w2(6)=-3.1079807850e-001; 

