
%liczba neuronów ukrytych: 5, liczba wejœæ sieci: 4
%wejœcie 1: u(k-3)
%wejœcie 2: u(k-4)
%wejœcie 3: y(k-1)
%wejœcie 4: y(k-2)
%uczenie w trybie OE
w10(1,1)=6.8472933002e-001; w1(1,1)=-1.1058881633e+000; w1(1,2)=-8.2409535100e-001; w1(1,3)=7.7698142576e-001; w1(1,4)=-1.2969987454e-001; 
w10(2,1)=5.5176040592e-001; w1(2,1)=-9.7062915633e-003; w1(2,2)=-2.6712949436e-002; w1(2,3)=-1.0482883493e+000; w1(2,4)=2.8672339922e-001; 
w10(3,1)=-1.0400381062e+000; w1(3,1)=5.6101852366e-001; w1(3,2)=-2.9927897362e+000; w1(3,3)=-7.4958790765e-001; w1(3,4)=-1.8801697426e-001; 
w10(4,1)=1.3455606014e-001; w1(4,1)=8.5434871119e-002; w1(4,2)=-3.5697883946e+000; w1(4,3)=-2.3707360031e+000; w1(4,4)=1.9346651038e+000; 
w10(5,1)=-8.9207980671e-001; w1(5,1)=2.9541924298e-002; w1(5,2)=-5.6601027666e-003; w1(5,3)=-9.9575418448e-001; w1(5,4)=3.0294794102e-001; 
w20=-2.9266702823e-001; w2(1)=2.3190791740e-002; w2(2)=-1.0019527861e+000; w2(3)=1.6029468588e-002; w2(4)=1.9088913186e-002; w2(5)=-1.1111313795e+000; 

