
%liczba neuronów ukrytych: 8, liczba wejœæ sieci: 4
%wejœcie 1: u(k-3)
%wejœcie 2: u(k-4)
%wejœcie 3: y(k-1)
%wejœcie 4: y(k-2)
%uczenie w trybie OE
w10(1,1)=-4.8861719042e-001; w1(1,1)=2.8024314701e-002; w1(1,2)=-1.2227719888e-001; w1(1,3)=4.3774828901e-001; w1(1,4)=9.4849569997e-002; 
w10(2,1)=-1.3278168473e+000; w1(2,1)=-4.1847076817e-001; w1(2,2)=5.9478412420e-001; w1(2,3)=1.8776768825e-001; w1(2,4)=-1.0489241641e+000; 
w10(3,1)=4.7431972680e-001; w1(3,1)=-7.5391150255e-001; w1(3,2)=-3.5418838903e-001; w1(3,3)=3.3362847089e-001; w1(3,4)=-5.5090200152e-002; 
w10(4,1)=3.6994449457e-001; w1(4,1)=2.6412411492e-001; w1(4,2)=-1.9044051951e-001; w1(4,3)=2.1813005639e-001; w1(4,4)=2.6740249418e-001; 
w10(5,1)=-1.4503822810e-001; w1(5,1)=-4.5507941733e-001; w1(5,2)=-1.4101173334e+000; w1(5,3)=-3.6230714008e-001; w1(5,4)=1.9298729494e-001; 
w10(6,1)=9.8873447482e-002; w1(6,1)=-7.1666829840e-001; w1(6,2)=5.4237802917e-001; w1(6,3)=1.3845275147e+000; w1(6,4)=-1.0282248835e+000; 
w10(7,1)=-6.6974158072e-001; w1(7,1)=7.8935768492e-001; w1(7,2)=-5.4407273516e-001; w1(7,3)=-2.4829962204e-001; w1(7,4)=9.6560023043e-001; 
w10(8,1)=-2.6326713486e-001; w1(8,1)=6.3091521676e-001; w1(8,2)=2.7339670107e-001; w1(8,3)=6.7943334047e-001; w1(8,4)=-8.1388702210e-001; 
w20=-9.5976133043e-002; w2(1)=6.2872788323e-001; w2(2)=-3.3076337220e-001; w2(3)=2.2751060638e-001; w2(4)=6.0390932928e-001; w2(5)=5.7856220062e-002; w2(6)=6.2447420736e-001; w2(7)=3.0766505850e-001; w2(8)=3.6606861915e-001; 

