
%liczba neuronów ukrytych: 8, liczba wejœæ sieci: 4
%wejœcie 1: u(k-3)
%wejœcie 2: u(k-4)
%wejœcie 3: y(k-1)
%wejœcie 4: y(k-2)
%uczenie w trybie OE
w10(1,1)=-2.0914700702e-001; w1(1,1)=-1.9668819682e-001; w1(1,2)=2.0415108136e-001; w1(1,3)=2.9058243284e-001; w1(1,4)=-1.2893724087e+000; 
w10(2,1)=1.1193492087e-001; w1(2,1)=4.7719803601e-002; w1(2,2)=7.0682757241e-003; w1(2,3)=-6.8655545100e-001; w1(2,4)=1.7317818474e-001; 
w10(3,1)=-3.8095832662e-001; w1(3,1)=1.5063155323e+000; w1(3,2)=4.0202477692e-001; w1(3,3)=-4.3326931552e-001; w1(3,4)=4.2933778479e-001; 
w10(4,1)=1.0983534349e+000; w1(4,1)=1.3309355649e+000; w1(4,2)=2.8535016412e+000; w1(4,3)=1.3954941173e+000; w1(4,4)=7.8214551307e-001; 
w10(5,1)=4.3616682729e-001; w1(5,1)=-1.4711133771e+000; w1(5,2)=-7.7122718145e-001; w1(5,3)=3.1771632868e-002; w1(5,4)=-5.6635652967e-001; 
w10(6,1)=2.5774961334e-001; w1(6,1)=1.8563639433e-001; w1(6,2)=-5.3719686456e-002; w1(6,3)=4.2307347335e-001; w1(6,4)=1.8890667629e-001; 
w10(7,1)=-1.1773723689e+000; w1(7,1)=1.3056638680e+000; w1(7,2)=6.4058363211e-002; w1(7,3)=-4.1211894341e-001; w1(7,4)=7.1279238289e-001; 
w10(8,1)=-1.2562391422e+000; w1(8,1)=3.0216139814e-001; w1(8,2)=4.5706472393e-001; w1(8,3)=-2.1530545823e-001; w1(8,4)=-2.7502246336e-001; 
w20=-1.1807172158e-001; w2(1)=2.9382116080e-001; w2(2)=-1.4747458485e+000; w2(3)=-8.3434888095e-002; w2(4)=-4.7435354855e-004; w2(5)=-3.0163996273e-002; w2(6)=7.5298233097e-001; w2(7)=1.0431094643e-001; w2(8)=-2.6090815678e-001; 

