
%liczba neuronów ukrytych: 8, liczba wejœæ sieci: 4
%wejœcie 1: u(k-3)
%wejœcie 2: u(k-4)
%wejœcie 3: y(k-1)
%wejœcie 4: y(k-2)
%uczenie w trybie OE
w10(1,1)=-4.0905990038e-001; w1(1,1)=-7.4591837231e-001; w1(1,2)=3.1103111719e-001; w1(1,3)=-3.7127957629e-001; w1(1,4)=7.6583438835e-001; 
w10(2,1)=-1.6888911847e-001; w1(2,1)=-6.4074284497e-001; w1(2,2)=5.3029685444e-001; w1(2,3)=-5.9239014356e-001; w1(2,4)=2.7342050140e-001; 
w10(3,1)=1.2479139141e-001; w1(3,1)=-2.9070806014e-001; w1(3,2)=8.5184389049e-001; w1(3,3)=7.4552762265e-001; w1(3,4)=-5.8802912715e-001; 
w10(4,1)=8.5108117295e-001; w1(4,1)=-2.5129722488e-001; w1(4,2)=6.4679244971e-002; w1(4,3)=-1.2413243663e-003; w1(4,4)=6.3024092486e-001; 
w10(5,1)=1.2661175151e-001; w1(5,1)=-4.5303572062e-001; w1(5,2)=1.0764705278e+000; w1(5,3)=-7.1961954765e-001; w1(5,4)=1.0200747432e+000; 
w10(6,1)=1.1407302444e-001; w1(6,1)=8.5317428261e-001; w1(6,2)=1.3156865399e+000; w1(6,3)=-3.0090578587e-001; w1(6,4)=2.9700980337e-001; 
w10(7,1)=-2.7628464869e-001; w1(7,1)=2.5516599763e-001; w1(7,2)=-5.5850225131e-001; w1(7,3)=-1.0946593481e-001; w1(7,4)=-4.4343827429e-001; 
w10(8,1)=-7.6901980860e-001; w1(8,1)=-1.6761569775e-001; w1(8,2)=4.1406729390e-002; w1(8,3)=3.5573270309e-001; w1(8,4)=5.1647428604e-001; 
w20=-2.8930303699e-001; w2(1)=3.8033836614e-001; w2(2)=-7.5101890704e-001; w2(3)=8.3516080126e-001; w2(4)=6.7837682260e-001; w2(5)=-6.1431192757e-001; w2(6)=1.4875502060e-002; w2(7)=-3.9203302714e-001; w2(8)=4.5136166755e-001; 

