
%liczba neuronów ukrytych: 5, liczba wejœæ sieci: 4
%wejœcie 1: u(k-3)
%wejœcie 2: u(k-4)
%wejœcie 3: y(k-1)
%wejœcie 4: y(k-2)
%uczenie w trybie OE
w10(1,1)=6.0851702654e-001; w1(1,1)=-1.0154160630e-001; w1(1,2)=3.4358033512e-002; w1(1,3)=2.2600806587e-001; w1(1,4)=-7.3407308357e-001; 
w10(2,1)=-3.5676503712e-001; w1(2,1)=6.9579228157e-001; w1(2,2)=3.4288794524e+000; w1(2,3)=1.1323547537e+000; w1(2,4)=-9.5564987784e-001; 
w10(3,1)=1.2911487143e+000; w1(3,1)=-6.0390961185e-002; w1(3,2)=1.1676109148e-001; w1(3,3)=5.8551766488e-001; w1(3,4)=2.0777354001e-001; 
w10(4,1)=1.0529980015e-001; w1(4,1)=2.1817710121e-002; w1(4,2)=-4.3813998260e-002; w1(4,3)=1.3393576244e+000; w1(4,4)=-8.6709687980e-001; 
w10(5,1)=7.8964923416e-002; w1(5,1)=-1.1803963008e+000; w1(5,2)=2.5438756024e-001; w1(5,3)=1.6565169897e+000; w1(5,4)=-1.5920802854e+000; 
w20=-5.9791930500e-002; w2(1)=-1.0371673868e+000; w2(2)=-5.5728230467e-003; w2(3)=5.9465179659e-001; w2(4)=9.7126245889e-001; w2(5)=1.0539128511e-001; 

