
%liczba neuronów ukrytych: 4, liczba wejœæ sieci: 4
%wejœcie 1: u(k-3)
%wejœcie 2: u(k-4)
%wejœcie 3: y(k-1)
%wejœcie 4: y(k-2)
%uczenie w trybie OE
w10(1,1)=-8.8765423117e-001; w1(1,1)=1.0452524393e-002; w1(1,2)=1.6850257781e-001; w1(1,3)=8.2998563212e-002; w1(1,4)=5.0361925525e-001; 
w10(2,1)=6.6538480397e-001; w1(2,1)=-5.1104948525e-002; w1(2,2)=1.4642403841e-001; w1(2,3)=6.6681873803e-002; w1(2,4)=5.6184383835e-001; 
w10(3,1)=-1.5439841910e-001; w1(3,1)=-5.4971983941e-002; w1(3,2)=6.9946743903e-001; w1(3,3)=-9.9210851895e-001; w1(3,4)=7.3107815088e-001; 
w10(4,1)=2.2331486962e-001; w1(4,1)=1.1286199873e-001; w1(4,2)=-1.0088073745e+000; w1(4,3)=-1.3090436754e+000; w1(4,4)=1.5707182973e+000; 
w20=3.2765561015e-001; w2(1)=1.3643741166e+000; w2(2)=1.0001777564e+000; w2(3)=-8.9932395380e-001; w2(4)=-3.5694352744e-001; 

