
%liczba neuronów ukrytych: 4, liczba wejœæ sieci: 4
%wejœcie 1: u(k-3)
%wejœcie 2: u(k-4)
%wejœcie 3: y(k-1)
%wejœcie 4: y(k-2)
%uczenie w trybie OE
w10(1,1)=-2.0351866582e-001; w1(1,1)=1.1701703683e-001; w1(1,2)=8.9387645063e-001; w1(1,3)=-8.5442398848e-002; w1(1,4)=-4.1508171733e-001; 
w10(2,1)=3.0961078591e-001; w1(2,1)=-9.3253257936e-003; w1(2,2)=-7.7452121519e-003; w1(2,3)=3.0680046039e-001; w1(2,4)=9.5870816609e-002; 
w10(3,1)=-7.1505608998e-001; w1(3,1)=7.2303386493e-002; w1(3,2)=6.9191484707e-002; w1(3,3)=3.1181439111e-001; w1(3,4)=1.3850423899e-001; 
w10(4,1)=2.2097459368e-001; w1(4,1)=-7.7843437758e-002; w1(4,2)=-9.9917036082e-001; w1(4,3)=-6.4554519076e-001; w1(4,4)=1.1835555672e+000; 
w20=1.6218574415e-002; w2(1)=-1.2841960560e+000; w2(2)=1.7633159074e+000; w2(3)=9.2035742629e-001; w2(4)=-1.0949138399e+000; 

