
%liczba neuronów ukrytych: 7, liczba wejœæ sieci: 4
%wejœcie 1: u(k-3)
%wejœcie 2: u(k-4)
%wejœcie 3: y(k-1)
%wejœcie 4: y(k-2)
%uczenie w trybie OE
w10(1,1)=-1.0771693576e+000; w1(1,1)=-2.5542378536e-001; w1(1,2)=1.4002173688e-001; w1(1,3)=-8.9856071883e-001; w1(1,4)=2.0029563237e-001; 
w10(2,1)=-2.9882002533e-001; w1(2,1)=2.5042435254e-003; w1(2,2)=1.4705632250e+000; w1(2,3)=1.1468703060e+000; w1(2,4)=-7.5467595274e-001; 
w10(3,1)=-1.5707490267e-001; w1(3,1)=5.5478819465e-001; w1(3,2)=-3.9816152738e-001; w1(3,3)=-1.2922639781e+000; w1(3,4)=9.5600060541e-001; 
w10(4,1)=-7.7182870038e-002; w1(4,1)=6.1432644766e-001; w1(4,2)=1.9190238915e-001; w1(4,3)=-4.4642542153e-003; w1(4,4)=3.3415943377e-001; 
w10(5,1)=8.4301166591e-001; w1(5,1)=-3.1275040550e-001; w1(5,2)=1.8010810964e-001; w1(5,3)=-2.4701968550e-001; w1(5,4)=-3.7330802495e-001; 
w10(6,1)=2.1575543521e-001; w1(6,1)=-1.4199812223e-001; w1(6,2)=-2.2031499001e+000; w1(6,3)=-2.9673564513e-001; w1(6,4)=4.2761259034e-001; 
w10(7,1)=-2.5910669658e-001; w1(7,1)=3.5449152666e-001; w1(7,2)=-2.5471662138e-001; w1(7,3)=2.6072389126e-001; w1(7,4)=3.5713247649e-001; 
w20=-2.2371172816e-001; w2(1)=-9.2427332111e-001; w2(2)=3.3257548912e-002; w2(3)=-6.1339357136e-001; w2(4)=-1.3376186378e-001; w2(5)=-6.9086046176e-001; w2(6)=3.1182518524e-002; w2(7)=5.3773500659e-001; 

