
%liczba neuronów ukrytych: 7, liczba wejœæ sieci: 4
%wejœcie 1: u(k-3)
%wejœcie 2: u(k-4)
%wejœcie 3: y(k-1)
%wejœcie 4: y(k-2)
%uczenie w trybie OE
w10(1,1)=6.9794123260e-001; w1(1,1)=1.5697270955e+000; w1(1,2)=-1.6603708291e+000; w1(1,3)=-1.9008966242e-001; w1(1,4)=2.0676802988e+000; 
w10(2,1)=-2.0910421822e-001; w1(2,1)=-3.3289808619e-001; w1(2,2)=-1.9110440525e+000; w1(2,3)=-1.2241422134e+000; w1(2,4)=6.9358761173e-001; 
w10(3,1)=-1.4364854048e-001; w1(3,1)=5.4265978234e-001; w1(3,2)=-4.8138289732e-001; w1(3,3)=-7.6056478690e-002; w1(3,4)=-3.0330375336e-001; 
w10(4,1)=-2.7856437693e-001; w1(4,1)=5.8309581521e-001; w1(4,2)=-1.3523192555e+000; w1(4,3)=-4.6367547634e-001; w1(4,4)=1.4372508450e+000; 
w10(5,1)=5.3137337053e-001; w1(5,1)=-2.2767535906e-001; w1(5,2)=1.6990384446e-001; w1(5,3)=1.3257408823e-001; w1(5,4)=-4.3992224329e-001; 
w10(6,1)=3.0895246211e-001; w1(6,1)=1.7842099821e-001; w1(6,2)=-1.8875857375e-001; w1(6,3)=1.0468449226e+000; w1(6,4)=-6.2375163910e-001; 
w10(7,1)=-4.6035577349e-001; w1(7,1)=1.1859217390e+000; w1(7,2)=1.2966038973e+000; w1(7,3)=-3.3073215922e-001; w1(7,4)=-1.5824817837e-001; 
w20=2.8704013585e-002; w2(1)=-3.9121072030e-002; w2(2)=2.8919861872e-002; w2(3)=-6.7416953624e-001; w2(4)=-1.2700638817e-002; w2(5)=-1.0396946729e+000; w2(6)=1.3252089310e+000; w2(7)=-2.3997795389e-002; 

