
%liczba neuronów ukrytych: 5, liczba wejœæ sieci: 4
%wejœcie 1: u(k-3)
%wejœcie 2: u(k-4)
%wejœcie 3: y(k-1)
%wejœcie 4: y(k-2)
%uczenie w trybie OE
w10(1,1)=-8.2018986381e-001; w1(1,1)=4.2889136301e-001; w1(1,2)=-2.2381864431e-001; w1(1,3)=4.3326402420e-002; w1(1,4)=1.0111037746e+000; 
w10(2,1)=5.4890002537e-001; w1(2,1)=1.7420169025e-001; w1(2,2)=-1.3355547528e-001; w1(2,3)=2.2599324397e-001; w1(2,4)=3.3533117674e-001; 
w10(3,1)=-8.2796701032e-002; w1(3,1)=9.9225189191e-001; w1(3,2)=-2.6452367831e-001; w1(3,3)=-7.1217262105e-002; w1(3,4)=-1.9405212404e-001; 
w10(4,1)=8.6396890407e-002; w1(4,1)=-9.6222151657e-001; w1(4,2)=3.2223136180e-001; w1(4,3)=1.3963167733e+000; w1(4,4)=-1.1286671106e+000; 
w10(5,1)=4.0298762820e-001; w1(5,1)=1.1487166267e+000; w1(5,2)=-1.2402900690e+000; w1(5,3)=-2.4703860444e+000; w1(5,4)=1.7228950985e+000; 
w20=-4.2827080016e-001; w2(1)=4.2896025481e-001; w2(2)=1.4133611480e+000; w2(3)=5.1156737430e-001; w2(4)=8.3799919244e-001; w2(5)=-4.8356906806e-002; 

