
%liczba neuronów ukrytych: 9, liczba wejœæ sieci: 4
%wejœcie 1: u(k-3)
%wejœcie 2: u(k-4)
%wejœcie 3: y(k-1)
%wejœcie 4: y(k-2)
%uczenie w trybie ARX
w10(1,1)=-3.7012968297e-001; w1(1,1)=1.9093346054e-001; w1(1,2)=2.4833615385e-001; w1(1,3)=5.6638118205e-001; w1(1,4)=-4.2727107361e-001; 
w10(2,1)=-1.5147022220e-001; w1(2,1)=3.8324292456e-001; w1(2,2)=7.9850539287e-001; w1(2,3)=-6.5666150117e-001; w1(2,4)=6.0032420689e-001; 
w10(3,1)=1.1352981945e-001; w1(3,1)=1.1042697960e-001; w1(3,2)=7.1353541668e-002; w1(3,3)=-4.4152147409e-001; w1(3,4)=-4.9046743148e-002; 
w10(4,1)=7.2329803714e-002; w1(4,1)=2.5380977385e-002; w1(4,2)=3.1813267022e-002; w1(4,3)=-8.2723954537e-002; w1(4,4)=-1.9071784476e-001; 
w10(5,1)=8.8969077832e-002; w1(5,1)=2.3457636033e-002; w1(5,2)=-4.7118841093e-003; w1(5,3)=-3.6378417293e-001; w1(5,4)=6.0122889501e-002; 
w10(6,1)=-2.0833677823e-001; w1(6,1)=-2.3288903745e-002; w1(6,2)=-3.4712639710e-002; w1(6,3)=3.9419273210e-001; w1(6,4)=-3.1482576170e-002; 
w10(7,1)=-5.7563603574e-001; w1(7,1)=1.6927214640e-001; w1(7,2)=1.0537950086e-001; w1(7,3)=-5.0286041319e-001; w1(7,4)=2.4341074488e-001; 
w10(8,1)=-1.1088106236e-001; w1(8,1)=2.2406134312e-001; w1(8,2)=-8.8167193653e-003; w1(8,3)=4.5935866821e-002; w1(8,4)=-6.4474888842e-001; 
w10(9,1)=-3.7046587743e-001; w1(9,1)=3.4172975580e-002; w1(9,2)=-5.8470997957e-002; w1(9,3)=-1.5801735524e-001; w1(9,4)=-2.2004975190e-001; 
w20=-5.8153832349e-002; w2(1)=6.6832066826e-001; w2(2)=-1.0356690766e-001; w2(3)=-2.9071295093e-001; w2(4)=-5.3547225863e-001; w2(5)=-8.1798135452e-001; w2(6)=7.5140026513e-001; w2(7)=-8.0001577154e-001; w2(8)=4.4216465978e-001; w2(9)=-5.9511554468e-001; 

