
%liczba neuronów ukrytych: 9, liczba wejœæ sieci: 4
%wejœcie 1: u(k-3)
%wejœcie 2: u(k-4)
%wejœcie 3: y(k-1)
%wejœcie 4: y(k-2)
%uczenie w trybie OE
w10(1,1)=-7.4300651534e-002; w1(1,1)=-9.9408440120e-001; w1(1,2)=3.0507204688e-001; w1(1,3)=7.2203413547e-001; w1(1,4)=-5.9554594074e-001; 
w10(2,1)=3.9042381087e-002; w1(2,1)=7.3880299285e-002; w1(2,2)=1.8721601587e+000; w1(2,3)=5.2913870637e-001; w1(2,4)=-3.4253426093e-001; 
w10(3,1)=2.7411373054e-001; w1(3,1)=-9.6572568856e-001; w1(3,2)=2.4691060589e+000; w1(3,3)=8.0113926464e-001; w1(3,4)=-1.0427064684e+000; 
w10(4,1)=-3.3847236904e-001; w1(4,1)=2.0908872117e-001; w1(4,2)=1.0925299817e+000; w1(4,3)=8.5567873966e-001; w1(4,4)=-2.9513284844e-001; 
w10(5,1)=1.7646242740e-001; w1(5,1)=-1.6025243036e+000; w1(5,2)=1.4488425718e+000; w1(5,3)=1.1394370233e+000; w1(5,4)=-1.2634024710e+000; 
w10(6,1)=-3.0447596280e-001; w1(6,1)=9.7829266812e-002; w1(6,2)=-6.8353164716e-003; w1(6,3)=1.2110666817e-001; w1(6,4)=1.7727760159e-001; 
w10(7,1)=1.0870103239e-001; w1(7,1)=1.5456115636e-001; w1(7,2)=1.0531894599e+000; w1(7,3)=1.3767713851e+000; w1(7,4)=-8.6222273940e-001; 
w10(8,1)=-1.9322914486e-001; w1(8,1)=-6.7302059741e-002; w1(8,2)=1.0454966344e-001; w1(8,3)=-5.1540103507e-001; w1(8,4)=2.3542193108e-001; 
w10(9,1)=-2.3214268290e-001; w1(9,1)=-1.1067401216e-001; w1(9,2)=-1.0824024321e+000; w1(9,3)=-8.4208292871e-001; w1(9,4)=4.2476306165e-001; 
w20=-1.2690659708e-002; w2(1)=3.7934273917e-001; w2(2)=-1.2664702779e-001; w2(3)=1.1556597424e-001; w2(4)=2.2465442451e-001; w2(5)=-1.4277542921e-001; w2(6)=1.2196160363e+000; w2(7)=-7.1447936171e-001; w2(8)=-2.0870608342e+000; w2(9)=-6.6949323135e-001; 

