
%liczba neuronów ukrytych: 7, liczba wejœæ sieci: 4
%wejœcie 1: u(k-3)
%wejœcie 2: u(k-4)
%wejœcie 3: y(k-1)
%wejœcie 4: y(k-2)
%uczenie w trybie OE
w10(1,1)=-2.8145147770e-001; w1(1,1)=-7.5492673092e-001; w1(1,2)=1.6780321478e-001; w1(1,3)=9.1027726999e-001; w1(1,4)=-4.1019691793e-001; 
w10(2,1)=8.8671311532e-001; w1(2,1)=1.2133040047e-001; w1(2,2)=-2.7213498478e-001; w1(2,3)=-3.6539505353e-001; w1(2,4)=-3.6189436393e-001; 
w10(3,1)=2.5557722703e-002; w1(3,1)=5.9846232756e-001; w1(3,2)=-5.3587853109e-001; w1(3,3)=-6.1033603422e-003; w1(3,4)=1.2441532788e+000; 
w10(4,1)=9.2542690051e-002; w1(4,1)=1.5837033203e-001; w1(4,2)=-8.5404370117e-001; w1(4,3)=3.0068549451e-001; w1(4,4)=-6.3271246248e-002; 
w10(5,1)=-1.3195648414e-001; w1(5,1)=-2.8675896962e-001; w1(5,2)=1.0665155198e+000; w1(5,3)=9.0367850251e-001; w1(5,4)=-1.1370152706e+000; 
w10(6,1)=4.2033944700e-001; w1(6,1)=6.5765509124e-002; w1(6,2)=-5.9536099847e-002; w1(6,3)=5.0721326207e-001; w1(6,4)=2.4202075281e-001; 
w10(7,1)=1.0749002752e+000; w1(7,1)=-1.3703180261e-001; w1(7,2)=2.3453574158e-001; w1(7,3)=3.1681599549e-001; w1(7,4)=5.0053055515e-001; 
w20=9.5190881466e-002; w2(1)=-8.9702488367e-002; w2(2)=-1.1211581981e+000; w2(3)=9.1254156161e-002; w2(4)=1.2738667675e+000; w2(5)=8.3335688831e-001; w2(6)=2.4008419471e-001; w2(7)=7.2036409862e-001; 

