
%liczba neuronów ukrytych: 3, liczba wejœæ sieci: 4
%wejœcie 1: u(k-3)
%wejœcie 2: u(k-4)
%wejœcie 3: y(k-1)
%wejœcie 4: y(k-2)
%uczenie w trybie OE
w10(1,1)=8.6788433404e-002; w1(1,1)=2.9984359004e-001; w1(1,2)=-2.5912535844e+000; w1(1,3)=-8.4760943081e-002; w1(1,4)=4.7237143264e-002; 
w10(2,1)=3.9899330239e-001; w1(2,1)=-2.2840084784e-002; w1(2,2)=1.4050891761e-002; w1(2,3)=6.4271142746e-001; w1(2,4)=-2.0730104374e-001; 
w10(3,1)=-1.0708928102e+000; w1(3,1)=2.1144804716e-001; w1(3,2)=-1.4885149624e-001; w1(3,3)=-8.2838583436e-001; w1(3,4)=1.9048138823e+000; 
w20=-5.4221384418e-001; w2(1)=5.4058084042e-002; w2(2)=2.1142910215e+000; w2(3)=3.3455812660e-001; 

