
%liczba neuronów ukrytych: 6, liczba wejœæ sieci: 4
%wejœcie 1: u(k-3)
%wejœcie 2: u(k-4)
%wejœcie 3: y(k-1)
%wejœcie 4: y(k-2)
%uczenie w trybie OE
w10(1,1)=-1.2647953640e+000; w1(1,1)=-1.2672785036e+000; w1(1,2)=-1.9361683424e+000; w1(1,3)=-1.3904033679e+000; w1(1,4)=-2.9503941558e-001; 
w10(2,1)=-1.3041793691e+000; w1(2,1)=-1.1651780525e+000; w1(2,2)=-2.2585469290e+000; w1(2,3)=1.2001443802e-001; w1(2,4)=-1.8595271829e+000; 
w10(3,1)=-7.8441480049e-002; w1(3,1)=1.1823958102e-001; w1(3,2)=-1.3571934026e-001; w1(3,3)=-3.2832614385e-001; w1(3,4)=6.2275779449e-001; 
w10(4,1)=1.6189506726e-001; w1(4,1)=-1.8516335076e-001; w1(4,2)=2.1979160959e-001; w1(4,3)=1.5843507344e+000; w1(4,4)=-1.2002493812e+000; 
w10(5,1)=-7.5958687476e-001; w1(5,1)=-1.0033439826e+000; w1(5,2)=-1.2948475698e+000; w1(5,3)=8.0038791949e-001; w1(5,4)=1.3578260134e-001; 
w10(6,1)=-7.8993279202e-001; w1(6,1)=-1.0308721216e+000; w1(6,2)=-1.1939294079e+000; w1(6,3)=-1.9656033361e-001; w1(6,4)=1.0891340751e+000; 
w20=-5.9168932273e-002; w2(1)=-5.2801437378e-001; w2(2)=4.9158098982e-001; w2(3)=1.6996870666e+000; w2(4)=1.2030920548e+000; w2(5)=-1.3364385368e+000; w2(6)=1.3413992337e+000; 

