
%liczba neuronów ukrytych: 5, liczba wejœæ sieci: 4
%wejœcie 1: u(k-3)
%wejœcie 2: u(k-4)
%wejœcie 3: y(k-1)
%wejœcie 4: y(k-2)
%uczenie w trybie OE
w10(1,1)=-9.7968327855e-002; w1(1,1)=-1.3880586816e-001; w1(1,2)=1.1049460040e+000; w1(1,3)=1.8591013717e+000; w1(1,4)=-2.0174615544e+000; 
w10(2,1)=4.7133980743e-002; w1(2,1)=4.2047415288e-001; w1(2,2)=-1.9662487495e+000; w1(2,3)=-1.1373146384e+000; w1(2,4)=1.0598657491e+000; 
w10(3,1)=1.3624871502e-001; w1(3,1)=-2.9790780533e-001; w1(3,2)=-4.5400970152e-002; w1(3,3)=1.8127491121e+000; w1(3,4)=-1.4606035513e+000; 
w10(4,1)=7.1431513911e-001; w1(4,1)=1.2079796399e-001; w1(4,2)=-5.4176827486e-002; w1(4,3)=1.4594771910e-002; w1(4,4)=6.6909112830e-001; 
w10(5,1)=-6.7768593675e-001; w1(5,1)=2.6300051353e-001; w1(5,2)=-8.9143667914e-002; w1(5,3)=-2.6129985253e-001; w1(5,4)=1.2318698028e+000; 
w20=-3.6280999886e-001; w2(1)=1.9913895332e-001; w2(2)=9.8477457415e-002; w2(3)=6.6841672415e-001; w2(4)=9.8239123307e-001; w2(5)=5.3499014013e-001; 

