
%liczba neuronów ukrytych: 3, liczba wejœæ sieci: 4
%wejœcie 1: u(k-3)
%wejœcie 2: u(k-4)
%wejœcie 3: y(k-1)
%wejœcie 4: y(k-2)
%uczenie w trybie OE
w10(1,1)=-1.3095182045e+000; w1(1,1)=2.6145306391e-001; w1(1,2)=-1.6197847510e-001; w1(1,3)=-1.5583009274e+000; w1(1,4)=2.6826985667e+000; 
w10(2,1)=3.3792127964e-001; w1(2,1)=-2.1894920070e-002; w1(2,2)=1.6062961664e-002; w1(2,3)=5.7593799839e-001; w1(2,4)=-1.6054358679e-001; 
w10(3,1)=-9.9959254200e-002; w1(3,1)=-4.2399827182e-001; w1(3,2)=2.4945799919e+000; w1(3,3)=-3.0188231314e-001; w1(3,4)=3.4988588858e-001; 
w20=-4.4134922324e-001; w2(1)=3.3445307813e-001; w2(2)=2.2229693459e+000; w2(3)=-6.4407805660e-002; 

