
%liczba neuronów ukrytych: 10, liczba wejœæ sieci: 4
%wejœcie 1: u(k-3)
%wejœcie 2: u(k-4)
%wejœcie 3: y(k-1)
%wejœcie 4: y(k-2)
%uczenie w trybie OE
w10(1,1)=-4.9598385965e-002; w1(1,1)=-7.5538884229e-001; w1(1,2)=7.1953187845e-001; w1(1,3)=5.0342691799e-001; w1(1,4)=-8.1890143253e-001; 
w10(2,1)=-4.1955962936e-001; w1(2,1)=2.5461511234e-001; w1(2,2)=-2.2715027695e-002; w1(2,3)=-7.5321388631e-001; w1(2,4)=4.6533195914e-001; 
w10(3,1)=9.4593287147e-002; w1(3,1)=9.3621235839e-001; w1(3,2)=7.6932958375e-002; w1(3,3)=-8.9604301322e-002; w1(3,4)=4.2470787010e-001; 
w10(4,1)=-9.1506777646e-001; w1(4,1)=3.2302461910e-001; w1(4,2)=-3.3411991931e-001; w1(4,3)=1.0495351382e-001; w1(4,4)=9.6898498310e-001; 
w10(5,1)=2.0110967340e-001; w1(5,1)=2.1921906606e-001; w1(5,2)=-3.1728693756e-001; w1(5,3)=2.5167708800e-001; w1(5,4)=7.9491555545e-002; 
w10(6,1)=5.2654195811e-002; w1(6,1)=3.6552108213e-001; w1(6,2)=-7.8832261260e-001; w1(6,3)=-9.8090944541e-001; w1(6,4)=1.0266245664e+000; 
w10(7,1)=2.4523289047e-001; w1(7,1)=-1.9518781126e-002; w1(7,2)=-2.4156662168e+000; w1(7,3)=-4.5876981453e-001; w1(7,4)=6.6157888379e-001; 
w10(8,1)=-5.8998689228e-001; w1(8,1)=-9.4318013683e-002; w1(8,2)=6.7901403616e-002; w1(8,3)=-3.0516458658e-001; w1(8,4)=-1.0747399277e-001; 
w10(9,1)=1.5857321564e-002; w1(9,1)=1.2591464733e-001; w1(9,2)=-5.2637267823e-001; w1(9,3)=-5.9868618953e-001; w1(9,4)=3.5704592013e-001; 
w10(10,1)=6.4350379918e-002; w1(10,1)=-9.6620488236e-001; w1(10,2)=-2.3703757131e-001; w1(10,3)=1.6312660803e-002; w1(10,4)=-4.1354745604e-001; 
w20=-7.1432653659e-001; w2(1)=-6.0960496873e-002; w2(2)=-5.8619514993e-001; w2(3)=-2.0411908901e-001; w2(4)=2.7959580075e-001; w2(5)=9.7138157648e-001; w2(6)=-3.0813776455e-001; w2(7)=2.9245220848e-002; w2(8)=-9.9583411973e-001; w2(9)=-3.3423881537e-001; w2(10)=-8.5857619070e-002; 

