
%liczba neuronów ukrytych: 2, liczba wejœæ sieci: 4
%wejœcie 1: u(k-3)
%wejœcie 2: u(k-4)
%wejœcie 3: y(k-1)
%wejœcie 4: y(k-2)
%uczenie w trybie OE
w10(1,1)=-7.1027557273e-001; w1(1,1)=2.2247642811e-002; w1(1,2)=8.5029409311e-002; w1(1,3)=-4.9199241352e-001; w1(1,4)=6.2013391123e-001; 
w10(2,1)=1.7608916214e-001; w1(2,1)=-1.1411800955e-002; w1(2,2)=-3.7390848306e-001; w1(2,3)=1.5966269876e+000; w1(2,4)=-1.3074174157e+000; 
w20=3.3733259559e+000; w2(1)=5.9595265991e+000; w2(2)=1.5284766072e+000; 

