
%liczba neuronów ukrytych: 5, liczba wejœæ sieci: 4
%wejœcie 1: u(k-3)
%wejœcie 2: u(k-4)
%wejœcie 3: y(k-1)
%wejœcie 4: y(k-2)
%uczenie w trybie OE
w10(1,1)=1.3333479134e-001; w1(1,1)=6.9702160719e-001; w1(1,2)=-4.0521044509e-001; w1(1,3)=3.2360198627e+000; w1(1,4)=-2.8099373420e+000; 
w10(2,1)=-5.3359375524e-001; w1(2,1)=1.2730835055e+000; w1(2,2)=2.2076508124e+000; w1(2,3)=-1.1662163966e+000; w1(2,4)=-1.4792467910e+000; 
w10(3,1)=-2.3342848356e-001; w1(3,1)=1.2325167763e+000; w1(3,2)=4.1013109230e-001; w1(3,3)=8.6196404560e-001; w1(3,4)=-1.8464581391e+000; 
w10(4,1)=4.3344332108e-001; w1(4,1)=2.8209153779e-001; w1(4,2)=-1.7131735790e-001; w1(4,3)=1.7376961976e-001; w1(4,4)=-7.8281206552e-001; 
w10(5,1)=1.1431356823e+000; w1(5,1)=-3.4025869761e-001; w1(5,2)=2.5898783211e-001; w1(5,3)=-3.8947117187e-002; w1(5,4)=8.9762640880e-001; 
w20=-9.2582912529e-002; w2(1)=5.1286495506e-001; w2(2)=-9.7737021272e-003; w2(3)=4.3964937621e-002; w2(4)=-1.1638600563e+000; w2(5)=6.1935965061e-001; 

