
%liczba neuronów ukrytych: 9, liczba wejœæ sieci: 4
%wejœcie 1: u(k-3)
%wejœcie 2: u(k-4)
%wejœcie 3: y(k-1)
%wejœcie 4: y(k-2)
%uczenie w trybie OE
w10(1,1)=1.0942992256e+000; w1(1,1)=-9.1411538645e-002; w1(1,2)=-6.0026175389e-002; w1(1,3)=-2.6298947145e-001; w1(1,4)=-6.3134001836e-001; 
w10(2,1)=-4.0461596079e-001; w1(2,1)=-1.0563824299e-001; w1(2,2)=2.0664551812e-001; w1(2,3)=-7.2354068288e-001; w1(2,4)=3.4400656173e-001; 
w10(3,1)=6.2487294682e-001; w1(3,1)=-6.8236280772e-002; w1(3,2)=3.0815149808e-001; w1(3,3)=7.2271640249e-001; w1(3,4)=-3.2380202689e-002; 
w10(4,1)=-1.3393798890e+000; w1(4,1)=-8.4751777582e-001; w1(4,2)=1.1612736281e+000; w1(4,3)=8.3162195643e-002; w1(4,4)=-2.0624906413e+000; 
w10(5,1)=7.5372040155e-002; w1(5,1)=-8.0746949556e-001; w1(5,2)=6.1008939423e-001; w1(5,3)=3.1403626293e-001; w1(5,4)=-9.2547674425e-001; 
w10(6,1)=-2.9881182233e-001; w1(6,1)=-8.4030795794e-001; w1(6,2)=2.0798684592e-001; w1(6,3)=5.3325017954e-001; w1(6,4)=-9.0759442359e-001; 
w10(7,1)=5.7527965706e-001; w1(7,1)=3.9627275251e-001; w1(7,2)=-1.0843176292e+000; w1(7,3)=-4.0558316266e-001; w1(7,4)=1.1187184188e+000; 
w10(8,1)=1.7946883869e-001; w1(8,1)=-1.5854215990e+000; w1(8,2)=-6.8436801322e-001; w1(8,3)=8.8597833652e-001; w1(8,4)=-7.4805039064e-001; 
w10(9,1)=8.3035274829e-002; w1(9,1)=6.2148055858e-001; w1(9,2)=-6.9115910630e-002; w1(9,3)=-2.9788496752e-001; w1(9,4)=5.7137526523e-001; 
w20=-2.1798639963e-001; w2(1)=-7.0508132820e-001; w2(2)=-1.1308269313e+000; w2(3)=7.1122043041e-001; w2(4)=1.5069882366e-002; w2(5)=-6.7290635311e-002; w2(6)=2.0281398551e-001; w2(7)=3.5905502877e-002; w2(8)=3.5387861655e-002; w2(9)=5.6732252634e-002; 

