
%liczba neuronów ukrytych: 4, liczba wejœæ sieci: 4
%wejœcie 1: u(k-3)
%wejœcie 2: u(k-4)
%wejœcie 3: y(k-1)
%wejœcie 4: y(k-2)
%uczenie w trybie OE
w10(1,1)=2.5404128867e+000; w1(1,1)=-9.7339083531e-001; w1(1,2)=2.0760913118e-001; w1(1,3)=4.2472102639e-001; w1(1,4)=2.1768174877e+000; 
w10(2,1)=-6.3790434530e-002; w1(2,1)=-4.2973284324e-001; w1(2,2)=-1.6028578088e+000; w1(2,3)=-1.3939633380e+000; w1(2,4)=1.2297943540e+000; 
w10(3,1)=-6.5949082151e-001; w1(3,1)=-1.7658544734e-001; w1(3,2)=1.6349875155e-001; w1(3,3)=1.2722099326e-001; w1(3,4)=7.0132008425e-001; 
w10(4,1)=-5.2641317724e-001; w1(4,1)=-3.8939836003e-002; w1(4,2)=3.3204887891e-002; w1(4,3)=-7.6036361471e-001; w1(4,4)=3.4410661230e-001; 
w20=-7.6396777166e-001; w2(1)=1.1761204485e-002; w2(2)=-4.0795804451e-002; w2(3)=4.7956111061e-001; w2(4)=-2.1273062888e+000; 

