
%liczba neuronów ukrytych: 3, liczba wejœæ sieci: 4
%wejœcie 1: u(k-3)
%wejœcie 2: u(k-4)
%wejœcie 3: y(k-1)
%wejœcie 4: y(k-2)
%uczenie w trybie OE
w10(1,1)=-3.7823493759e-002; w1(1,1)=-1.2192831967e-002; w1(1,2)=-1.8993134409e-003; w1(1,3)=4.3024613476e-001; w1(1,4)=-8.3766246253e-002; 
w10(2,1)=4.0731449669e-001; w1(2,1)=6.9111978852e-001; w1(2,2)=-2.6355030911e-001; w1(2,3)=-1.3325880343e+000; w1(2,4)=6.2846293397e-001; 
w10(3,1)=1.4484608833e-001; w1(3,1)=1.1146120171e+000; w1(3,2)=5.5624402924e-001; w1(3,3)=3.1268719729e-001; w1(3,4)=-2.4061208547e-001; 
w20=2.6012829167e-002; w2(1)=3.1688362921e+000; w2(2)=2.8896719535e-001; w2(3)=-1.2045602880e-001; 

