
%liczba neuronów ukrytych: 10, liczba wejœæ sieci: 4
%wejœcie 1: u(k-3)
%wejœcie 2: u(k-4)
%wejœcie 3: y(k-1)
%wejœcie 4: y(k-2)
%uczenie w trybie OE
w10(1,1)=2.2935240228e-001; w1(1,1)=2.6185119826e-001; w1(1,2)=8.7092934382e-001; w1(1,3)=4.1940492003e-001; w1(1,4)=-2.1510059760e-001; 
w10(2,1)=9.3677617076e-002; w1(2,1)=-4.3334162195e-001; w1(2,2)=-2.0750174815e-001; w1(2,3)=-1.6135930586e-001; w1(2,4)=-2.9580276875e-001; 
w10(3,1)=-4.7430413198e-001; w1(3,1)=5.7986537939e-002; w1(3,2)=-1.6016119097e-001; w1(3,3)=4.7384500992e-001; w1(3,4)=1.7824839429e-002; 
w10(4,1)=-7.4729907048e-003; w1(4,1)=4.1669673408e-001; w1(4,2)=-4.7587319100e-001; w1(4,3)=-2.0476167028e-001; w1(4,4)=6.3595840421e-001; 
w10(5,1)=-3.6025562466e-001; w1(5,1)=-2.0295457386e-001; w1(5,2)=1.2592104134e-001; w1(5,3)=6.5716614159e-001; w1(5,4)=-2.2040403541e-001; 
w10(6,1)=8.1394201890e-001; w1(6,1)=-1.2708459304e-001; w1(6,2)=7.2673712158e-002; w1(6,3)=8.0328990069e-001; w1(6,4)=-3.3180647391e-001; 
w10(7,1)=3.5455202289e-001; w1(7,1)=3.1287055694e-001; w1(7,2)=-5.0026972129e-001; w1(7,3)=-4.8907436056e-002; w1(7,4)=6.2979002363e-001; 
w10(8,1)=2.9738724441e-001; w1(8,1)=-4.3862377820e-001; w1(8,2)=-1.6171060752e+000; w1(8,3)=-3.3305921397e-001; w1(8,4)=5.2734022968e-001; 
w10(9,1)=-1.6680506631e-001; w1(9,1)=-1.1169853231e-001; w1(9,2)=-5.2237399875e-001; w1(9,3)=-2.4092421883e-001; w1(9,4)=4.6807413977e-001; 
w10(10,1)=-3.1569675362e-001; w1(10,1)=-6.4110637506e-001; w1(10,2)=6.3733951709e-001; w1(10,3)=5.0777831300e-001; w1(10,4)=-1.4760290714e+000; 
w20=-2.5905513928e-001; w2(1)=-1.7845754571e-001; w2(2)=-1.9318586309e-001; w2(3)=8.1572632928e-001; w2(4)=1.2825797258e-001; w2(5)=6.7497709510e-001; w2(6)=1.0844882855e+000; w2(7)=4.1362447308e-001; w2(8)=5.1989411320e-002; w2(9)=-4.7088231095e-001; w2(10)=1.6487747979e-001; 

