
%liczba neuronów ukrytych: 3, liczba wejœæ sieci: 4
%wejœcie 1: u(k-3)
%wejœcie 2: u(k-4)
%wejœcie 3: y(k-1)
%wejœcie 4: y(k-2)
%uczenie w trybie OE
w10(1,1)=-1.6304698229e-001; w1(1,1)=2.0476274656e-001; w1(1,2)=-3.5487418731e-002; w1(1,3)=-1.6823617655e+000; w1(1,4)=1.3616623595e+000; 
w10(2,1)=-5.3786752948e-002; w1(2,1)=1.7989639550e-001; w1(2,2)=-1.7326675902e-002; w1(2,3)=-7.6509787069e-001; w1(2,4)=9.8810345508e-001; 
w10(3,1)=-6.5349564903e-002; w1(3,1)=-3.7721050811e-001; w1(3,2)=-7.6804544271e-001; w1(3,3)=5.1868922778e-001; w1(3,4)=-9.4334334823e-001; 
w20=-1.4662105979e-001; w2(1)=-1.6835839881e+000; w2(2)=2.1415350780e+000; w2(3)=1.5075077190e-001; 

