
%liczba neuronów ukrytych: 3, liczba wejœæ sieci: 4
%wejœcie 1: u(k-3)
%wejœcie 2: u(k-4)
%wejœcie 3: y(k-1)
%wejœcie 4: y(k-2)
%uczenie w trybie OE
w10(1,1)=1.6819308522e+000; w1(1,1)=-9.7967839164e-001; w1(1,2)=1.2741286966e+000; w1(1,3)=2.7430368254e+000; w1(1,4)=-3.8349062400e+000; 
w10(2,1)=3.3023508767e-001; w1(2,1)=2.9946730503e-004; w1(2,2)=-4.6844011611e-003; w1(2,3)=1.9340276243e-001; w1(2,4)=1.0093004305e-001; 
w10(3,1)=-1.5855429530e-001; w1(3,1)=6.2549122991e-001; w1(3,2)=-1.4877781752e+000; w1(3,3)=-4.6132576953e+000; w1(3,4)=4.2159135122e+000; 
w20=-4.5835621473e-001; w2(1)=-5.4459654140e-001; w2(2)=2.9411975366e+000; w2(3)=-1.8563133832e-001; 

