
%liczba neuronów ukrytych: 9, liczba wejœæ sieci: 4
%wejœcie 1: u(k-3)
%wejœcie 2: u(k-4)
%wejœcie 3: y(k-1)
%wejœcie 4: y(k-2)
%uczenie w trybie OE
w10(1,1)=2.0346946359e-001; w1(1,1)=6.3840767231e-001; w1(1,2)=6.9400965580e-001; w1(1,3)=1.0160525727e-001; w1(1,4)=-1.1556494966e-001; 
w10(2,1)=2.3119050157e-002; w1(2,1)=1.8183232048e-001; w1(2,2)=-3.3810163075e-001; w1(2,3)=3.2161343300e-001; w1(2,4)=7.4881543217e-002; 
w10(3,1)=8.4737808455e-001; w1(3,1)=-3.6837439073e-001; w1(3,2)=3.6652912954e-001; w1(3,3)=3.8423076917e-001; w1(3,4)=-1.4148720953e+000; 
w10(4,1)=-9.6085422026e-001; w1(4,1)=-1.0719709217e-002; w1(4,2)=1.4717948712e-001; w1(4,3)=-4.3520477643e-001; w1(4,4)=-9.7120330931e-002; 
w10(5,1)=-8.3356873897e-001; w1(5,1)=-5.1969463798e-001; w1(5,2)=-1.1348525964e+000; w1(5,3)=-7.7432438855e-001; w1(5,4)=-8.6806394798e-004; 
w10(6,1)=-4.1844342798e-001; w1(6,1)=4.7140009741e-001; w1(6,2)=9.4833611475e-002; w1(6,3)=8.8071068692e-001; w1(6,4)=2.0341041418e-001; 
w10(7,1)=8.5117651176e-002; w1(7,1)=9.9111984201e-002; w1(7,2)=-3.1118335758e-001; w1(7,3)=-1.0615136280e+000; w1(7,4)=5.9303733489e-001; 
w10(8,1)=-5.8239313821e-002; w1(8,1)=-1.1541456655e+000; w1(8,2)=-2.0011450224e+000; w1(8,3)=-1.4087733991e-001; w1(8,4)=3.1361555763e-002; 
w10(9,1)=-5.3965830149e-001; w1(9,1)=1.1545802102e+000; w1(9,2)=1.0749910734e+000; w1(9,3)=2.8735797893e-001; w1(9,4)=-4.0229495121e-001; 
w20=-3.0923250640e-001; w2(1)=7.6683692384e-003; w2(2)=6.6584540914e-001; w2(3)=-2.6191705436e-001; w2(4)=-7.0955110214e-001; w2(5)=3.7790645409e-002; w2(6)=-1.2955602608e-001; w2(7)=-1.0913863526e+000; w2(8)=1.4725999658e-002; w2(9)=-2.5429674147e-002; 

