
%liczba neuronów ukrytych: 2, liczba wejœæ sieci: 4
%wejœcie 1: u(k-3)
%wejœcie 2: u(k-4)
%wejœcie 3: y(k-1)
%wejœcie 4: y(k-2)
%uczenie w trybie OE
w10(1,1)=1.2851857786e-001; w1(1,1)=-1.4558317464e-001; w1(1,2)=-1.9145727722e-001; w1(1,3)=2.2626232512e+000; w1(1,4)=-2.0712981864e+000; 
w10(2,1)=2.7021420361e-001; w1(2,1)=-7.5055520513e-002; w1(2,2)=-5.3722326872e-002; w1(2,3)=8.6235922802e-001; w1(2,4)=-9.7847118085e-001; 
w20=9.9192608201e-001; w2(1)=2.1470562872e+000; w2(2)=-4.8021380318e+000; 

