
%liczba neuronów ukrytych: 5, liczba wejœæ sieci: 4
%wejœcie 1: u(k-3)
%wejœcie 2: u(k-4)
%wejœcie 3: y(k-1)
%wejœcie 4: y(k-2)
%uczenie w trybie OE
w10(1,1)=-1.3609880803e-002; w1(1,1)=-1.0579443541e+000; w1(1,2)=-1.2069572975e+000; w1(1,3)=-2.9617710318e-001; w1(1,4)=4.6856544411e-001; 
w10(2,1)=-8.1354062089e-001; w1(2,1)=3.4579445008e-001; w1(2,2)=-3.8204897750e-001; w1(2,3)=-5.1483039710e-002; w1(2,4)=-3.3657097556e-001; 
w10(3,1)=-2.0861127010e-001; w1(3,1)=-6.2542956224e-001; w1(3,2)=4.7458186690e-001; w1(3,3)=-2.0719052163e+000; w1(3,4)=1.7229930740e+000; 
w10(4,1)=-7.4473780378e-001; w1(4,1)=-4.9765362376e-001; w1(4,2)=5.6788340396e-001; w1(4,3)=-5.6165032383e-002; w1(4,4)=5.0007212167e-001; 
w10(5,1)=3.6902984543e-001; w1(5,1)=-8.6894036221e-002; w1(5,2)=2.1258634627e-001; w1(5,3)=-3.2743301002e-002; w1(5,4)=-1.4476048893e-001; 
w20=9.4573911762e-002; w2(1)=-2.1583980138e-002; w2(2)=-1.2237459782e+000; w2(3)=-7.3708621413e-001; w2(4)=9.0328973476e-001; w2(5)=-1.4084456424e+000; 

