
%liczba neuronów ukrytych: 9, liczba wejœæ sieci: 4
%wejœcie 1: u(k-3)
%wejœcie 2: u(k-4)
%wejœcie 3: y(k-1)
%wejœcie 4: y(k-2)
%uczenie w trybie ARX
w10(1,1)=6.2677737450e-001; w1(1,1)=-5.1502363954e-002; w1(1,2)=1.6202367551e-001; w1(1,3)=2.0506599290e-001; w1(1,4)=2.7220756550e-001; 
w10(2,1)=1.4561691532e-001; w1(2,1)=7.6120266025e-002; w1(2,2)=7.3192458245e-002; w1(2,3)=-3.4178446460e-001; w1(2,4)=4.8232947831e-003; 
w10(3,1)=-7.7559801703e-002; w1(3,1)=-7.1587815352e-001; w1(3,2)=-7.9054025915e-001; w1(3,3)=4.0132426770e-001; w1(3,4)=-3.6760225474e-001; 
w10(4,1)=1.2356762636e-001; w1(4,1)=6.0988793104e-002; w1(4,2)=4.3686581334e-002; w1(4,3)=-3.2424844242e-001; w1(4,4)=6.0734577176e-003; 
w10(5,1)=4.1575352179e-001; w1(5,1)=-9.7848463946e-002; w1(5,2)=-2.3018916093e-001; w1(5,3)=-5.5997497571e-001; w1(5,4)=1.3738103822e-001; 
w10(6,1)=-2.3745276781e-001; w1(6,1)=1.9448970244e-001; w1(6,2)=-1.1118494282e-001; w1(6,3)=-1.9570442691e-001; w1(6,4)=-5.9047219494e-001; 
w10(7,1)=-1.9467482556e-001; w1(7,1)=-1.0281471504e-001; w1(7,2)=-1.1424349571e-001; w1(7,3)=3.0058197400e-001; w1(7,4)=7.5810346665e-002; 
w10(8,1)=2.6884476701e-001; w1(8,1)=5.1842949279e-001; w1(8,2)=4.3079523406e-001; w1(8,3)=-6.5821864885e-002; w1(8,4)=-2.8321165620e-001; 
w10(9,1)=-1.8931615659e-001; w1(9,1)=2.2794984485e-002; w1(9,2)=1.7126568384e-001; w1(9,3)=-7.7590660994e-001; w1(9,4)=4.9096575398e-001; 
w20=-1.7357269452e-002; w2(1)=6.8003091664e-001; w2(2)=-5.0152677519e-001; w2(3)=1.0965918072e-001; w2(4)=-3.9882210342e-001; w2(5)=-7.5765305623e-001; w2(6)=2.0791402105e-001; w2(7)=4.6845646794e-001; w2(8)=2.0539914089e-001; w2(9)=-8.1048814794e-001; 

