
%liczba neuronów ukrytych: 2, liczba wejœæ sieci: 4
%wejœcie 1: u(k-3)
%wejœcie 2: u(k-4)
%wejœcie 3: y(k-1)
%wejœcie 4: y(k-2)
%uczenie w trybie OE
w10(1,1)=-2.5473346707e-001; w1(1,1)=7.9851170794e-002; w1(1,2)=4.5719509286e-002; w1(1,3)=-7.8672190322e-001; w1(1,4)=8.9251326103e-001; 
w10(2,1)=-1.2084205805e-001; w1(2,1)=1.5907233981e-001; w1(2,2)=1.5700465565e-001; w1(2,3)=-2.0944434948e+000; w1(2,4)=1.9194529691e+000; 
w20=1.0224284940e+000; w2(1)=5.2476995212e+000; w2(2)=-2.3765100496e+000; 

