
%liczba neuronów ukrytych: 6, liczba wejœæ sieci: 4
%wejœcie 1: u(k-3)
%wejœcie 2: u(k-4)
%wejœcie 3: y(k-1)
%wejœcie 4: y(k-2)
%uczenie w trybie OE
w10(1,1)=4.3204604698e-001; w1(1,1)=9.8047252192e-001; w1(1,2)=-2.6688470854e-002; w1(1,3)=-5.7344933151e-001; w1(1,4)=-6.5693021326e-001; 
w10(2,1)=-9.2518080312e-001; w1(2,1)=-1.0179835690e+000; w1(2,2)=1.0795418914e+000; w1(2,3)=3.1751383832e-002; w1(2,4)=-1.7308515880e+000; 
w10(3,1)=2.8418222967e-002; w1(3,1)=-9.4483159755e-001; w1(3,2)=2.3032723157e-001; w1(3,3)=1.8762867823e+000; w1(3,4)=-1.7882040404e+000; 
w10(4,1)=5.2102309887e-001; w1(4,1)=1.7114214473e-001; w1(4,2)=-1.5521314166e-001; w1(4,3)=4.1715756878e-001; w1(4,4)=1.7382131998e-001; 
w10(5,1)=4.8472093014e-002; w1(5,1)=2.2181160373e-001; w1(5,2)=-1.3849423552e+000; w1(5,3)=-1.8946323671e+000; w1(5,4)=1.3844376900e+000; 
w10(6,1)=-9.0689162019e-001; w1(6,1)=1.7875230314e-001; w1(6,2)=-7.1716220379e-002; w1(6,3)=7.7728755588e-001; w1(6,4)=-8.8547937132e-002; 
w20=9.1484920588e-002; w2(1)=2.4558326045e-002; w2(2)=3.9505397732e-002; w2(3)=3.2877388441e-001; w2(4)=1.3615578787e+000; w2(5)=-7.8626366517e-002; w2(6)=1.0140350539e+000; 

