
%liczba neuronów ukrytych: 10, liczba wejœæ sieci: 4
%wejœcie 1: u(k-3)
%wejœcie 2: u(k-4)
%wejœcie 3: y(k-1)
%wejœcie 4: y(k-2)
%uczenie w trybie OE
w10(1,1)=7.4783614465e-001; w1(1,1)=3.8020692997e-001; w1(1,2)=-4.3882405325e-001; w1(1,3)=-6.0943590303e-001; w1(1,4)=-3.5897065088e-002; 
w10(2,1)=2.1858506049e-001; w1(2,1)=3.7383441958e-001; w1(2,2)=-6.1211898996e-001; w1(2,3)=9.9960130069e-001; w1(2,4)=-6.7147286411e-001; 
w10(3,1)=-4.8720630602e-002; w1(3,1)=-2.5187027630e-001; w1(3,2)=-5.0262239939e-001; w1(3,3)=1.7079089005e-001; w1(3,4)=-4.7458213604e-001; 
w10(4,1)=-3.0725434876e-001; w1(4,1)=-1.1227498249e-001; w1(4,2)=-5.1735841261e-001; w1(4,3)=-3.8414392264e-001; w1(4,4)=-1.7141283818e-001; 
w10(5,1)=-1.7536958473e-001; w1(5,1)=-3.4476426820e-001; w1(5,2)=-5.7583428174e-001; w1(5,3)=4.3810698608e-001; w1(5,4)=-7.7253409103e-001; 
w10(6,1)=1.0963593118e-001; w1(6,1)=5.7134213455e-002; w1(6,2)=-8.0985901286e-002; w1(6,3)=3.7121854387e-001; w1(6,4)=6.9859340177e-002; 
w10(7,1)=-1.6393942600e-001; w1(7,1)=-6.5677117324e-001; w1(7,2)=-6.7167364889e-001; w1(7,3)=-1.8635465992e-001; w1(7,4)=6.9429510110e-002; 
w10(8,1)=-7.6534934143e-001; w1(8,1)=4.2506188718e-001; w1(8,2)=5.3733400202e-001; w1(8,3)=-8.3687049361e-001; w1(8,4)=3.6310764553e-001; 
w10(9,1)=-1.1743092216e+000; w1(9,1)=2.2743225799e-001; w1(9,2)=-3.0054872939e-001; w1(9,3)=-1.5738464821e-001; w1(9,4)=-4.5291335727e-001; 
w10(10,1)=-1.0797496409e+000; w1(10,1)=7.6776998426e-001; w1(10,2)=-1.1340744248e+000; w1(10,3)=1.2129003619e-001; w1(10,4)=-5.9545036918e-001; 
w20=-3.0998375150e-001; w2(1)=-8.2566206792e-001; w2(2)=7.2165270844e-001; w2(3)=-2.5589855189e-002; w2(4)=-3.8214038056e-001; w2(5)=3.9575302734e-001; w2(6)=4.7634270734e-001; w2(7)=-1.7932124723e-001; w2(8)=1.0662960077e-001; w2(9)=-5.6469715079e-001; w2(10)=-1.9284765140e-001; 

