
%liczba neuronów ukrytych: 3, liczba wejœæ sieci: 4
%wejœcie 1: u(k-3)
%wejœcie 2: u(k-4)
%wejœcie 3: y(k-1)
%wejœcie 4: y(k-2)
%uczenie w trybie OE
w10(1,1)=1.2192640385e-001; w1(1,1)=1.0677579941e+000; w1(1,2)=-1.3109633233e+000; w1(1,3)=-1.0558623597e+000; w1(1,4)=7.8864198889e-001; 
w10(2,1)=-3.0276498031e-001; w1(2,1)=-2.8231106258e-001; w1(2,2)=4.7209633963e-001; w1(2,3)=-1.4013430763e-001; w1(2,4)=-5.8597172954e-001; 
w10(3,1)=-3.7619269732e-001; w1(3,1)=-3.3047483574e-001; w1(3,2)=6.1419498589e-001; w1(3,3)=4.7024615477e-001; w1(3,4)=-1.3483079052e+000; 
w20=-2.8514354427e-001; w2(1)=-4.8090937888e-001; w2(2)=-3.5377879370e+000; w2(3)=1.9371675637e+000; 

