
%liczba neuronów ukrytych: 3, liczba wejœæ sieci: 4
%wejœcie 1: u(k-3)
%wejœcie 2: u(k-4)
%wejœcie 3: y(k-1)
%wejœcie 4: y(k-2)
%uczenie w trybie OE
w10(1,1)=1.3968289344e-001; w1(1,1)=1.8625337245e-001; w1(1,2)=-8.9217712543e-002; w1(1,3)=1.2881048495e+000; w1(1,4)=-1.0425969578e+000; 
w10(2,1)=-2.6429329495e-002; w1(2,1)=-1.6068410257e+000; w1(2,2)=-5.0757886524e-001; w1(2,3)=-1.9385353268e+000; w1(2,4)=2.3363265169e+000; 
w10(3,1)=1.5290550764e-001; w1(3,1)=1.6790451632e-001; w1(3,2)=-9.1781885422e-002; w1(3,3)=6.7738091186e-001; w1(3,4)=-7.8358265298e-001; 
w20=1.1081674212e-001; w2(1)=2.6313743374e+000; w2(2)=-3.5474866270e-002; w2(3)=-3.1422521119e+000; 

