
%liczba neuronów ukrytych: 2, liczba wejœæ sieci: 4
%wejœcie 1: u(k-3)
%wejœcie 2: u(k-4)
%wejœcie 3: y(k-1)
%wejœcie 4: y(k-2)
%uczenie w trybie OE
w10(1,1)=-2.7578401569e-001; w1(1,1)=7.2563435555e-002; w1(1,2)=4.0978103128e-002; w1(1,3)=-6.4821686330e-001; w1(1,4)=7.3927788232e-001; 
w10(2,1)=1.1598639084e-001; w1(2,1)=-1.6038484266e-001; w1(2,2)=-1.4512276634e-001; w1(2,3)=1.9152262918e+000; w1(2,4)=-1.7529225084e+000; 
w20=1.3761278866e+000; w2(1)=6.2137177537e+000; w2(2)=2.5540408373e+000; 

