
%liczba neuronów ukrytych: 3, liczba wejœæ sieci: 4
%wejœcie 1: u(k-3)
%wejœcie 2: u(k-4)
%wejœcie 3: y(k-1)
%wejœcie 4: y(k-2)
%uczenie w trybie OE
w10(1,1)=3.5694597682e-002; w1(1,1)=3.2342786629e-001; w1(1,2)=2.3681644358e-001; w1(1,3)=-2.3585133798e+000; w1(1,4)=2.0998051498e+000; 
w10(2,1)=-2.9354350747e-001; w1(2,1)=-9.3816565141e-002; w1(2,2)=-1.7903698000e-001; w1(2,3)=7.8677231674e-001; w1(2,4)=-2.4037432811e-001; 
w10(3,1)=1.0468272950e-001; w1(3,1)=-3.7213572141e-002; w1(3,2)=1.9383255669e-002; w1(3,3)=-1.5688811183e-001; w1(3,4)=-1.7184462017e-001; 
w20=2.0476942333e-001; w2(1)=-5.2989135842e-001; w2(2)=-6.0324015951e-001; w2(3)=-3.4301861061e+000; 

