
%liczba neuronów ukrytych: 7, liczba wejœæ sieci: 4
%wejœcie 1: u(k-3)
%wejœcie 2: u(k-4)
%wejœcie 3: y(k-1)
%wejœcie 4: y(k-2)
%uczenie w trybie OE
w10(1,1)=-4.6415301215e-002; w1(1,1)=-5.6413476947e-002; w1(1,2)=5.8523872597e-002; w1(1,3)=-5.6725214676e-001; w1(1,4)=2.2477200665e-001; 
w10(2,1)=-5.1193880333e-001; w1(2,1)=4.0242316966e-001; w1(2,2)=-3.5972058962e-001; w1(2,3)=1.7468286144e-001; w1(2,4)=4.2099618596e-001; 
w10(3,1)=6.4899382161e-001; w1(3,1)=-5.8372333009e-002; w1(3,2)=2.5315659314e+000; w1(3,3)=7.5154284692e-001; w1(3,4)=2.3359368294e-001; 
w10(4,1)=-3.1725958871e-001; w1(4,1)=1.5288562602e+000; w1(4,2)=8.8010621816e-001; w1(4,3)=-2.8663845842e-001; w1(4,4)=1.8357563989e-001; 
w10(5,1)=1.1161925204e+000; w1(5,1)=3.0357777685e-001; w1(5,2)=-2.8192406425e-001; w1(5,3)=7.9731371270e-001; w1(5,4)=-2.5619199563e-002; 
w10(6,1)=3.2912087821e-001; w1(6,1)=9.8522064748e-002; w1(6,2)=-1.9676657250e-001; w1(6,3)=-8.1301581234e-001; w1(6,4)=3.6128124096e-001; 
w10(7,1)=-1.1819114256e-001; w1(7,1)=7.4222168515e-001; w1(7,2)=-5.9416603848e-001; w1(7,3)=-1.4834167163e+000; w1(7,4)=1.1363125078e+000; 
w20=-1.0298856967e-001; w2(1)=-4.5232086195e-001; w2(2)=7.6131341356e-001; w2(3)=-8.3143926054e-003; w2(4)=-2.4699704732e-002; w2(5)=6.1326918226e-001; w2(6)=-3.4032444395e-001; w2(7)=-4.4060493898e-001; 

