
%liczba neuronów ukrytych: 6, liczba wejœæ sieci: 4
%wejœcie 1: u(k-3)
%wejœcie 2: u(k-4)
%wejœcie 3: y(k-1)
%wejœcie 4: y(k-2)
%uczenie w trybie OE
w10(1,1)=-9.3038123364e-001; w1(1,1)=2.6330321603e-001; w1(1,2)=3.8287577868e-001; w1(1,3)=4.3417028244e-001; w1(1,4)=-8.9908026900e-001; 
w10(2,1)=-4.5558157160e-002; w1(2,1)=-2.1481818444e-002; w1(2,2)=8.0851741472e-002; w1(2,3)=3.8110442749e-001; w1(2,4)=8.6443533956e-002; 
w10(3,1)=7.7738353598e-001; w1(3,1)=1.1750478390e+000; w1(3,2)=4.2641143276e-001; w1(3,3)=9.1989941080e-001; w1(3,4)=-2.2349254786e-001; 
w10(4,1)=-1.6494994029e-001; w1(4,1)=-2.1641151968e-001; w1(4,2)=1.9865335142e-001; w1(4,3)=-8.2683555321e-001; w1(4,4)=2.8110442853e-001; 
w10(5,1)=-2.7646020408e-001; w1(5,1)=1.3289504992e+000; w1(5,2)=8.0710135502e-001; w1(5,3)=-6.8388686393e-001; w1(5,4)=5.4921092049e-001; 
w10(6,1)=3.1405553654e-001; w1(6,1)=3.7492770383e-001; w1(6,2)=-3.6529744782e-001; w1(6,3)=-2.6318202404e-001; w1(6,4)=1.6675741579e+000; 
w20=-1.2533036953e-001; w2(1)=-1.4411842027e-001; w2(2)=1.3504130617e+000; w2(3)=-5.2443007629e-002; w2(4)=-8.4227476522e-001; w2(5)=-5.6153592705e-002; w2(6)=-1.2223447956e-001; 

