
%liczba neuronów ukrytych: 7, liczba wejœæ sieci: 4
%wejœcie 1: u(k-3)
%wejœcie 2: u(k-4)
%wejœcie 3: y(k-1)
%wejœcie 4: y(k-2)
%uczenie w trybie OE
w10(1,1)=-2.0129009019e-001; w1(1,1)=1.0353538852e+000; w1(1,2)=8.6905737023e-001; w1(1,3)=-3.3657869811e-001; w1(1,4)=2.7313521381e-001; 
w10(2,1)=-1.3568391967e-002; w1(2,1)=4.6775489673e-002; w1(2,2)=2.7729100418e+000; w1(2,3)=2.0769493098e+000; w1(2,4)=2.4786372377e+000; 
w10(3,1)=-2.1324672041e-001; w1(3,1)=1.9860017801e-002; w1(3,2)=1.7903895550e-002; w1(3,3)=2.4809896325e-001; w1(3,4)=3.2106283518e-002; 
w10(4,1)=-7.2924615774e-001; w1(4,1)=7.4306566978e-001; w1(4,2)=8.4180279068e-001; w1(4,3)=-1.4606875403e-002; w1(4,4)=6.3493474799e-001; 
w10(5,1)=-1.2239145732e+000; w1(5,1)=8.4890249058e-002; w1(5,2)=5.4119239117e-002; w1(5,3)=-8.1869806320e-001; w1(5,4)=7.8990058997e-002; 
w10(6,1)=-1.5868709738e-001; w1(6,1)=2.1626709387e-002; w1(6,2)=1.3847302317e-004; w1(6,3)=-1.1737876479e+000; w1(6,4)=7.3692318998e-001; 
w10(7,1)=6.3655890457e-001; w1(7,1)=-5.8220859376e-002; w1(7,2)=1.2153481642e-001; w1(7,3)=-5.3681729782e-002; w1(7,4)=-5.9654973095e-001; 
w20=2.0038268152e-002; w2(1)=-5.1997826631e-002; w2(2)=-2.8607319576e-003; w2(3)=1.3299721776e+000; w2(4)=1.8114346543e-002; w2(5)=-4.0338986678e-001; w2(6)=-8.0911674913e-001; w2(7)=-3.6658804235e-001; 

