
%liczba neuronów ukrytych: 3, liczba wejœæ sieci: 4
%wejœcie 1: u(k-3)
%wejœcie 2: u(k-4)
%wejœcie 3: y(k-1)
%wejœcie 4: y(k-2)
%uczenie w trybie OE
w10(1,1)=-7.5393992244e-001; w1(1,1)=-6.4544098010e-001; w1(1,2)=1.0332211351e+000; w1(1,3)=1.3527519119e+000; w1(1,4)=-1.6931373134e+000; 
w10(2,1)=-3.0901686042e-001; w1(2,1)=-1.3756826578e+000; w1(2,2)=-3.4825955317e-001; w1(2,3)=2.3464393769e-001; w1(2,4)=-1.4460204223e-001; 
w10(3,1)=-7.3244378175e-002; w1(3,1)=-6.2217029537e-003; w1(3,2)=2.5402296861e-002; w1(3,3)=-2.1459990038e-001; w1(3,4)=-1.3517356927e-002; 
w20=-1.8399155861e-001; w2(1)=2.5484932855e-001; w2(2)=-8.4748852344e-002; w2(3)=-4.3922585698e+000; 

