
%liczba neuronów ukrytych: 2, liczba wejœæ sieci: 4
%wejœcie 1: u(k-3)
%wejœcie 2: u(k-4)
%wejœcie 3: y(k-1)
%wejœcie 4: y(k-2)
%uczenie w trybie OE
w10(1,1)=5.6207945802e-001; w1(1,1)=-3.6476430253e-001; w1(1,2)=-1.8008442524e-001; w1(1,3)=-3.7763083657e+000; w1(1,4)=3.3318980916e+000; 
w10(2,1)=-1.7297657107e-001; w1(2,1)=1.9033589387e-001; w1(2,2)=1.8134037411e-001; w1(2,3)=1.7507995173e+000; w1(2,4)=-2.0902604622e+000; 
w20=2.5896771099e-001; w2(1)=-1.0788593403e+000; w2(2)=-1.6768601547e+000; 

