
%liczba neuronów ukrytych: 8, liczba wejœæ sieci: 4
%wejœcie 1: u(k-3)
%wejœcie 2: u(k-4)
%wejœcie 3: y(k-1)
%wejœcie 4: y(k-2)
%uczenie w trybie OE
w10(1,1)=-5.5407897116e-001; w1(1,1)=1.4021865629e-001; w1(1,2)=-1.2867362039e-001; w1(1,3)=-8.7183626662e-001; w1(1,4)=3.9013744616e-001; 
w10(2,1)=-5.8742884958e-002; w1(2,1)=4.4775154668e-001; w1(2,2)=4.7682958320e-002; w1(2,3)=-9.1588605646e-002; w1(2,4)=1.6754993866e-001; 
w10(3,1)=-4.9921527906e-001; w1(3,1)=-1.6470067762e-001; w1(3,2)=-1.2901115049e+000; w1(3,3)=-9.1082371389e-001; w1(3,4)=2.5064902820e-001; 
w10(4,1)=-6.7899357943e-001; w1(4,1)=1.2126526774e-001; w1(4,2)=4.3667333484e-001; w1(4,3)=4.3071493269e-001; w1(4,4)=-7.9106793925e-001; 
w10(5,1)=2.1583076386e-001; w1(5,1)=-1.3030090954e-001; w1(5,2)=-2.0378482411e+000; w1(5,3)=-6.6663757475e-001; w1(5,4)=8.4181757467e-001; 
w10(6,1)=-6.9915180037e-002; w1(6,1)=-1.1841491696e-001; w1(6,2)=-1.3108298895e+000; w1(6,3)=-3.4213004831e-001; w1(6,4)=6.8072443242e-001; 
w10(7,1)=8.3525410633e-001; w1(7,1)=1.9698959018e-001; w1(7,2)=-1.8213950628e-001; w1(7,3)=-1.2951438277e+000; w1(7,4)=3.9670506497e-001; 
w10(8,1)=-2.1681905003e-001; w1(8,1)=2.9563600019e-001; w1(8,2)=-4.6791943208e-001; w1(8,3)=-4.2978938497e-001; w1(8,4)=5.2212755069e-001; 
w20=-4.2261423824e-001; w2(1)=-1.6200418481e+000; w2(2)=4.0186893272e-001; w2(3)=6.5669807684e-002; w2(4)=-1.9074686309e-001; w2(5)=7.0649227459e-002; w2(6)=-3.1494799553e-002; w2(7)=-5.9795609624e-001; w2(8)=2.8382358704e-001; 

