
%liczba neuronów ukrytych: 7, liczba wejœæ sieci: 4
%wejœcie 1: u(k-3)
%wejœcie 2: u(k-4)
%wejœcie 3: y(k-1)
%wejœcie 4: y(k-2)
%uczenie w trybie OE
w10(1,1)=-9.7211527804e-004; w1(1,1)=4.0608877386e-001; w1(1,2)=-4.3164143340e-001; w1(1,3)=-1.2559272360e+000; w1(1,4)=1.0098976460e+000; 
w10(2,1)=4.2540064693e-001; w1(2,1)=2.2074027419e-001; w1(2,2)=-1.9943285523e-001; w1(2,3)=2.7598123157e-001; w1(2,4)=1.5654229167e-001; 
w10(3,1)=-2.9971208957e-001; w1(3,1)=1.2485795335e+000; w1(3,2)=1.2934110681e+000; w1(3,3)=6.3570846591e-001; w1(3,4)=-5.2488269489e-001; 
w10(4,1)=8.2237030976e-001; w1(4,1)=5.3119254387e-001; w1(4,2)=5.3632748504e-001; w1(4,3)=3.1064405449e-001; w1(4,4)=-1.1638864786e+000; 
w10(5,1)=7.8753205638e-001; w1(5,1)=1.7326686468e+000; w1(5,2)=-7.9650500395e-002; w1(5,3)=-1.0508997084e+000; w1(5,4)=1.6451349610e+000; 
w10(6,1)=-8.9094440462e-001; w1(6,1)=5.2658557793e-001; w1(6,2)=-4.8042023475e-001; w1(6,3)=4.4221770072e-002; w1(6,4)=1.0883013325e+000; 
w10(7,1)=-5.0733991152e-001; w1(7,1)=7.3540790047e-002; w1(7,2)=2.5826425514e-001; w1(7,3)=5.2978895630e-001; w1(7,4)=-9.0883275842e-001; 
w20=-5.0995056581e-001; w2(1)=-7.6758450648e-001; w2(2)=1.5377891081e+000; w2(3)=-3.7892030861e-002; w2(4)=2.2531378389e-002; w2(5)=-3.1112662014e-002; w2(6)=2.8948664225e-001; w2(7)=-1.9681532625e-001; 

