
%liczba neuronów ukrytych: 4, liczba wejœæ sieci: 4
%wejœcie 1: u(k-3)
%wejœcie 2: u(k-4)
%wejœcie 3: y(k-1)
%wejœcie 4: y(k-2)
%uczenie w trybie OE
w10(1,1)=-1.7658862425e-001; w1(1,1)=1.3731067683e-001; w1(1,2)=-7.1283114676e-002; w1(1,3)=-7.5177938874e-001; w1(1,4)=9.7913595100e-001; 
w10(2,1)=5.1083260205e-002; w1(2,1)=-1.1571113880e+000; w1(2,2)=-9.5635589125e-001; w1(2,3)=-3.4569755668e-002; w1(2,4)=-2.5796418997e-001; 
w10(3,1)=-6.6875735905e-001; w1(3,1)=5.8918042356e-001; w1(3,2)=3.7715220264e-001; w1(3,3)=-9.7875167214e-003; w1(3,4)=-1.8099343286e-001; 
w10(4,1)=-2.3103179390e-001; w1(4,1)=9.5668913652e-002; w1(4,2)=-2.8175814281e-002; w1(4,3)=-1.3109149646e+000; w1(4,4)=9.7920295582e-001; 
w20=-1.1786977849e-001; w2(1)=1.6751411801e+000; w2(2)=5.9134744522e-002; w2(3)=1.1904430550e-002; w2(4)=-1.8283380239e+000; 

