
%liczba neuronów ukrytych: 10, liczba wejœæ sieci: 4
%wejœcie 1: u(k-3)
%wejœcie 2: u(k-4)
%wejœcie 3: y(k-1)
%wejœcie 4: y(k-2)
%uczenie w trybie OE
w10(1,1)=7.0340430818e-001; w1(1,1)=5.1615059009e-001; w1(1,2)=6.0823393615e-001; w1(1,3)=-1.7281511883e-001; w1(1,4)=7.7366080749e-001; 
w10(2,1)=2.9654879779e-001; w1(2,1)=4.3494813018e-001; w1(2,2)=-8.0060651735e-001; w1(2,3)=6.8828647415e-001; w1(2,4)=-8.2186816024e-001; 
w10(3,1)=-5.4552549567e-001; w1(3,1)=-4.1509135469e-002; w1(3,2)=-8.7539462738e-001; w1(3,3)=1.0257095982e+000; w1(3,4)=-4.5947655983e-001; 
w10(4,1)=-6.2955798906e-003; w1(4,1)=3.0199315586e-001; w1(4,2)=-3.4430039176e-001; w1(4,3)=1.0341777595e+000; w1(4,4)=-7.0154096109e-001; 
w10(5,1)=-9.6974744886e-003; w1(5,1)=2.4651536347e-001; w1(5,2)=-3.0496485737e-001; w1(5,3)=-7.3415977225e-001; w1(5,4)=1.5076473847e-001; 
w10(6,1)=1.0732968756e+000; w1(6,1)=3.5485938662e-001; w1(6,2)=-3.2032247474e-001; w1(6,3)=1.6848914229e-001; w1(6,4)=-1.1129685750e+000; 
w10(7,1)=-1.3818461070e-001; w1(7,1)=-1.6633233464e+000; w1(7,2)=-3.7222701112e-001; w1(7,3)=-1.0530493306e-001; w1(7,4)=3.4944885158e-001; 
w10(8,1)=-1.6240119984e+000; w1(8,1)=4.0059426362e-001; w1(8,2)=-6.6233575397e-001; w1(8,3)=2.6511044783e-001; w1(8,4)=-1.1580048989e+000; 
w10(9,1)=3.5227153870e-001; w1(9,1)=1.4547148430e-001; w1(9,2)=-3.1510391320e-001; w1(9,3)=9.3464581267e-001; w1(9,4)=-1.4585742063e-001; 
w10(10,1)=4.3632455612e-001; w1(10,1)=-2.4186381935e-001; w1(10,2)=8.8183866762e-001; w1(10,3)=-1.0145456713e+000; w1(10,4)=2.1782862416e-001; 
w20=-1.1350909976e-001; w2(1)=4.3723745121e-002; w2(2)=-5.4316999549e-003; w2(3)=1.5248382005e-001; w2(4)=7.3345823920e-001; w2(5)=-6.9276618778e-001; w2(6)=-3.9866681443e-001; w2(7)=-4.3373008620e-002; w2(8)=-3.6617517818e-001; w2(9)=2.0742059430e-001; w2(10)=1.5235270395e-001; 

