
%liczba neuronów ukrytych: 6, liczba wejœæ sieci: 4
%wejœcie 1: u(k-3)
%wejœcie 2: u(k-4)
%wejœcie 3: y(k-1)
%wejœcie 4: y(k-2)
%uczenie w trybie OE
w10(1,1)=-1.4379766229e-001; w1(1,1)=-3.4046266693e-002; w1(1,2)=3.7538250026e-002; w1(1,3)=-1.9633749007e+000; w1(1,4)=1.3265709156e+000; 
w10(2,1)=-2.4497633944e-001; w1(2,1)=-2.7992288103e-003; w1(2,2)=-1.9692707774e-002; w1(2,3)=2.7986992758e-001; w1(2,4)=1.7012851165e-001; 
w10(3,1)=1.4721318301e+000; w1(3,1)=-1.4504448732e-001; w1(3,2)=1.3154061854e-001; w1(3,3)=1.1302323999e+000; w1(3,4)=-1.0019428520e-001; 
w10(4,1)=3.7600469444e-002; w1(4,1)=1.2536362727e+000; w1(4,2)=1.0402728053e+000; w1(4,3)=1.8494945825e-001; w1(4,4)=1.9503479248e-001; 
w10(5,1)=-7.2149749461e-001; w1(5,1)=9.8565670595e-002; w1(5,2)=-9.2021568472e-003; w1(5,3)=-2.9162551041e-001; w1(5,4)=9.6995394631e-001; 
w10(6,1)=-7.2990211909e-001; w1(6,1)=4.5018121379e-001; w1(6,2)=1.8001449773e+000; w1(6,3)=-5.6935656645e-002; w1(6,4)=-7.1300687061e-001; 
w20=-2.9783818360e-002; w2(1)=-5.3070051108e-001; w2(2)=8.7613437484e-001; w2(3)=4.4062252630e-001; w2(4)=-3.4959159493e-002; w2(5)=3.8572436262e-001; w2(6)=-1.1985985247e-002; 

