
%liczba neuronów ukrytych: 9, liczba wejœæ sieci: 4
%wejœcie 1: u(k-3)
%wejœcie 2: u(k-4)
%wejœcie 3: y(k-1)
%wejœcie 4: y(k-2)
%uczenie w trybie OE
w10(1,1)=5.5616688442e-002; w1(1,1)=2.4504273705e-001; w1(1,2)=1.1239960782e+000; w1(1,3)=-7.9022738722e-002; w1(1,4)=-5.9161431447e-002; 
w10(2,1)=2.3920293627e-001; w1(2,1)=9.5371800342e-001; w1(2,2)=-9.3686280248e-001; w1(2,3)=-5.0119959284e-001; w1(2,4)=1.5115754155e+000; 
w10(3,1)=1.2971779908e-001; w1(3,1)=2.7570652652e-001; w1(3,2)=1.0306706349e+000; w1(3,3)=4.8327403563e-001; w1(3,4)=-7.2557475773e-001; 
w10(4,1)=3.2371769331e-002; w1(4,1)=-1.1141117096e-001; w1(4,2)=2.2542236094e-001; w1(4,3)=-1.2182337086e-001; w1(4,4)=-1.2799644932e-001; 
w10(5,1)=2.5997152101e-001; w1(5,1)=2.4531718291e-001; w1(5,2)=-4.4705041382e-001; w1(5,3)=-8.3789939514e-001; w1(5,4)=5.8302103435e-001; 
w10(6,1)=1.3438552628e-002; w1(6,1)=-2.6532563691e-001; w1(6,2)=8.9575559500e-002; w1(6,3)=9.4947819437e-001; w1(6,4)=-6.1414108339e-001; 
w10(7,1)=3.6825960869e-001; w1(7,1)=-5.8982319386e-001; w1(7,2)=4.4551374549e-002; w1(7,3)=2.9009631876e-001; w1(7,4)=-8.4153782497e-001; 
w10(8,1)=9.8333312166e-002; w1(8,1)=2.0763113097e-001; w1(8,2)=-2.2025835215e-001; w1(8,3)=-1.8246851594e-001; w1(8,4)=4.6564059460e-001; 
w10(9,1)=-4.8886996770e-001; w1(9,1)=-2.8506287849e-001; w1(9,2)=4.4707464352e-001; w1(9,3)=1.3369121578e-001; w1(9,4)=-4.1074975902e-001; 
w20=5.4835081111e-002; w2(1)=-3.7840097824e-001; w2(2)=-7.8937711004e-002; w2(3)=3.5641634030e-001; w2(4)=-5.1839086433e-001; w2(5)=-8.2743997965e-001; w2(6)=7.8299690403e-001; w2(7)=-1.1142181805e-001; w2(8)=1.3897881732e+000; w2(9)=-1.2842487784e-001; 

