
%liczba neuronów ukrytych: 8, liczba wejœæ sieci: 4
%wejœcie 1: u(k-3)
%wejœcie 2: u(k-4)
%wejœcie 3: y(k-1)
%wejœcie 4: y(k-2)
%uczenie w trybie OE
w10(1,1)=2.4664433943e-001; w1(1,1)=6.0261103345e-002; w1(1,2)=1.4461338605e-001; w1(1,3)=-2.8802919693e-001; w1(1,4)=1.0633012850e+000; 
w10(2,1)=2.8414824395e-001; w1(2,1)=-1.0842881112e+000; w1(2,2)=1.5293418636e-001; w1(2,3)=1.5152926845e-001; w1(2,4)=5.0555651455e-001; 
w10(3,1)=-1.8215040484e-001; w1(3,1)=-3.3808970716e-002; w1(3,2)=1.2056889829e-001; w1(3,3)=2.0578374705e-001; w1(3,4)=-6.1214401548e-001; 
w10(4,1)=-3.4578962202e-001; w1(4,1)=4.5611986234e-001; w1(4,2)=-3.6032837549e-001; w1(4,3)=3.4481732327e-001; w1(4,4)=-8.6737123840e-001; 
w10(5,1)=-2.3338746603e-001; w1(5,1)=-2.0049188441e-001; w1(5,2)=-1.0326035460e-001; w1(5,3)=-1.0077021471e+000; w1(5,4)=4.2943140551e-001; 
w10(6,1)=6.6994982818e-002; w1(6,1)=2.6709961699e+000; w1(6,2)=4.0751776586e+000; w1(6,3)=-1.3738600159e+000; w1(6,4)=-1.1999009334e+000; 
w10(7,1)=3.6888777615e-001; w1(7,1)=1.7740311508e-001; w1(7,2)=-3.3759789475e-003; w1(7,3)=-4.0015632083e-001; w1(7,4)=-9.8635220409e-002; 
w10(8,1)=-1.4269237282e+000; w1(8,1)=4.8035187853e-001; w1(8,2)=3.6566073992e-001; w1(8,3)=-4.3703632919e-001; w1(8,4)=-1.3127852040e+000; 
w20=-1.3319076375e-001; w2(1)=-7.4710938034e-001; w2(2)=-1.3709479106e-001; w2(3)=-8.8493797758e-001; w2(4)=-5.3641595847e-001; w2(5)=-1.1765021123e+000; w2(6)=7.0514754859e-003; w2(7)=-7.5526612577e-001; w2(8)=-1.1511129824e-002; 

