
%liczba neuronów ukrytych: 4, liczba wejœæ sieci: 4
%wejœcie 1: u(k-3)
%wejœcie 2: u(k-4)
%wejœcie 3: y(k-1)
%wejœcie 4: y(k-2)
%uczenie w trybie OE
w10(1,1)=-8.5442128270e-002; w1(1,1)=-8.1034340863e-001; w1(1,2)=5.0788207798e-001; w1(1,3)=-2.9143936173e+000; w1(1,4)=2.6675637082e+000; 
w10(2,1)=-4.8281237503e-001; w1(2,1)=1.0469392917e-001; w1(2,2)=-6.4162066469e-002; w1(2,3)=-1.2068233513e-002; w1(2,4)=-4.3226206060e-001; 
w10(3,1)=-8.9129946470e-001; w1(3,1)=-1.4807582652e-001; w1(3,2)=-6.9557644679e-002; w1(3,3)=-3.4069816671e-001; w1(3,4)=1.3880346471e+000; 
w10(4,1)=1.7341428425e-001; w1(4,1)=4.8560037639e-001; w1(4,2)=-3.8012047471e-001; w1(4,3)=7.1851089437e-001; w1(4,4)=-8.0771931808e-001; 
w20=-3.7514806798e-001; w2(1)=-7.6538416586e-001; w2(2)=-1.5247836222e+000; w2(3)=3.1288572430e-001; w2(4)=-8.8063093608e-001; 

