
%liczba neuronów ukrytych: 3, liczba wejœæ sieci: 4
%wejœcie 1: u(k-3)
%wejœcie 2: u(k-4)
%wejœcie 3: y(k-1)
%wejœcie 4: y(k-2)
%uczenie w trybie OE
w10(1,1)=-7.6626421618e-001; w1(1,1)=-6.7095724933e-001; w1(1,2)=1.1880681061e+000; w1(1,3)=8.3698744592e-001; w1(1,4)=-1.2873351315e+000; 
w10(2,1)=-2.8776384662e-001; w1(2,1)=-1.1676826967e+000; w1(2,2)=-3.9752397428e-001; w1(2,3)=4.4263148053e-002; w1(2,4)=-5.1177212334e-003; 
w10(3,1)=7.5542095070e-002; w1(3,1)=7.9119446997e-004; w1(3,2)=-2.3820787334e-002; w1(3,3)=2.2924587159e-001; w1(3,4)=-1.2776620636e-003; 
w20=-2.2461710421e-001; w2(1)=2.0986634164e-001; w2(2)=-1.0265648949e-001; w2(3)=4.3913494956e+000; 

