
%liczba neuronów ukrytych: 7, liczba wejœæ sieci: 4
%wejœcie 1: u(k-3)
%wejœcie 2: u(k-4)
%wejœcie 3: y(k-1)
%wejœcie 4: y(k-2)
%uczenie w trybie OE
w10(1,1)=6.8457886879e-001; w1(1,1)=1.6148876678e+000; w1(1,2)=9.1195280342e-002; w1(1,3)=5.7455529696e-002; w1(1,4)=-6.5394453762e-001; 
w10(2,1)=-3.0389985849e-001; w1(2,1)=-1.2573562406e+000; w1(2,2)=-5.6659325798e-001; w1(2,3)=2.4795823499e-001; w1(2,4)=-2.3408060483e-001; 
w10(3,1)=-2.8055285132e-001; w1(3,1)=-3.4188441301e-001; w1(3,2)=-1.8250514350e+000; w1(3,3)=1.9072771401e-001; w1(3,4)=-4.9767329476e-001; 
w10(4,1)=4.7598626872e-002; w1(4,1)=-7.0833909251e-001; w1(4,2)=2.9371922671e-001; w1(4,3)=-6.4925373444e-001; w1(4,4)=6.6661807488e-001; 
w10(5,1)=-4.2451697755e-001; w1(5,1)=5.9737636041e-001; w1(5,2)=5.4520195898e-001; w1(5,3)=6.2133689626e-001; w1(5,4)=4.3062407355e-001; 
w10(6,1)=4.7003259265e-001; w1(6,1)=4.9071775296e-002; w1(6,2)=-7.2541727990e-003; w1(6,3)=-9.5236533596e-001; w1(6,4)=3.7151853787e-001; 
w10(7,1)=-9.2917449948e-001; w1(7,1)=5.9712383372e-002; w1(7,2)=-7.8911454024e-002; w1(7,3)=-5.5376964540e-001; w1(7,4)=-2.0017688748e-002; 
w20=-2.2225244035e-001; w2(1)=-3.6068497936e-002; w2(2)=-6.7042241494e-002; w2(3)=1.1782875703e-003; w2(4)=-1.5557293488e-001; w2(5)=-2.6510580483e-002; w2(6)=-1.4154363542e+000; w2(7)=-1.1521714150e+000; 

