
%liczba neuronów ukrytych: 7, liczba wejœæ sieci: 4
%wejœcie 1: u(k-3)
%wejœcie 2: u(k-4)
%wejœcie 3: y(k-1)
%wejœcie 4: y(k-2)
%uczenie w trybie OE
w10(1,1)=-3.9813838350e-002; w1(1,1)=-9.4444436330e-001; w1(1,2)=8.9816355156e-001; w1(1,3)=2.1144387215e+000; w1(1,4)=-1.6307883866e+000; 
w10(2,1)=-2.1297483760e-001; w1(2,1)=7.6953065840e-001; w1(2,2)=1.9566651466e+000; w1(2,3)=1.1484744037e+000; w1(2,4)=-1.1285352239e+000; 
w10(3,1)=-4.2182855452e-001; w1(3,1)=-1.6634935698e+000; w1(3,2)=1.6076676040e+000; w1(3,3)=8.1741943060e-001; w1(3,4)=-2.5498600038e+000; 
w10(4,1)=-5.9352872526e-001; w1(4,1)=1.4179187235e-001; w1(4,2)=2.4444532763e-001; w1(4,3)=-3.4590821437e-001; w1(4,4)=7.3084872633e-002; 
w10(5,1)=8.4042249541e-001; w1(5,1)=3.8878161404e-001; w1(5,2)=-2.3086824299e-001; w1(5,3)=6.9032854819e-001; w1(5,4)=3.2261900391e-002; 
w10(6,1)=1.0770365292e+000; w1(6,1)=1.3016527755e-002; w1(6,2)=-1.3260295912e+000; w1(6,3)=-8.9623020517e-001; w1(6,4)=1.2742406235e-001; 
w10(7,1)=8.6750899186e-001; w1(7,1)=-8.0541213377e-001; w1(7,2)=7.3266797108e-001; w1(7,3)=-1.2959623233e-001; w1(7,4)=-1.1452566193e+000; 
w20=-5.5701596477e-001; w2(1)=3.9010262222e-001; w2(2)=-2.6011360202e-002; w2(3)=-4.4476135383e-002; w2(4)=-5.1417929761e-001; w2(5)=8.6478682565e-001; w2(6)=-8.2523067967e-002; w2(7)=-3.6017604089e-001; 

