
%liczba neuronów ukrytych: 9, liczba wejœæ sieci: 4
%wejœcie 1: u(k-3)
%wejœcie 2: u(k-4)
%wejœcie 3: y(k-1)
%wejœcie 4: y(k-2)
%uczenie w trybie OE
w10(1,1)=3.0742918487e-001; w1(1,1)=-1.2845560223e-001; w1(1,2)=-3.0583536373e-001; w1(1,3)=-3.9948875523e-002; w1(1,4)=-1.4572689133e-001; 
w10(2,1)=9.7379701586e-001; w1(2,1)=1.5694573677e-001; w1(2,2)=-2.8758239697e-001; w1(2,3)=2.7955404725e-001; w1(2,4)=2.1707072951e-001; 
w10(3,1)=3.2082154713e-002; w1(3,1)=-5.2051915208e-001; w1(3,2)=-9.0799199644e-001; w1(3,3)=1.4185499605e-001; w1(3,4)=2.8613729117e-002; 
w10(4,1)=7.1105855536e-002; w1(4,1)=-1.2547288410e-002; w1(4,2)=-1.0958245920e+000; w1(4,3)=-3.2407160471e-001; w1(4,4)=8.0572429653e-001; 
w10(5,1)=3.5023937979e-001; w1(5,1)=5.2195344902e-002; w1(5,2)=-5.2400961612e-002; w1(5,3)=-2.4978644440e-001; w1(5,4)=-5.8547478934e-002; 
w10(6,1)=9.5507918202e-002; w1(6,1)=2.3870327002e-001; w1(6,2)=9.8731821404e-001; w1(6,3)=-1.9456206750e-001; w1(6,4)=-6.4307152141e-001; 
w10(7,1)=-2.7880857658e-002; w1(7,1)=-4.2671508783e-001; w1(7,2)=3.8216411894e-001; w1(7,3)=7.4073669307e-001; w1(7,4)=-5.1139821749e-001; 
w10(8,1)=5.9589608000e-002; w1(8,1)=2.8542588742e-001; w1(8,2)=1.0650810942e+000; w1(8,3)=6.8938860093e-001; w1(8,4)=-1.2133698127e+000; 
w10(9,1)=-4.7742116845e-001; w1(9,1)=1.9374090245e-001; w1(9,2)=-2.3501486416e-001; w1(9,3)=6.2827975672e-001; w1(9,4)=-1.8435025803e-001; 
w20=1.4945690249e-001; w2(1)=-4.0341680011e-001; w2(2)=8.7230265747e-001; w2(3)=2.0673147294e-001; w2(4)=1.5273046773e-001; w2(5)=-6.2550266893e-001; w2(6)=-1.0708159701e-001; w2(7)=5.6903815017e-001; w2(8)=3.5409441818e-001; w2(9)=1.0934642219e+000; 

