
%liczba neuronów ukrytych: 8, liczba wejœæ sieci: 4
%wejœcie 1: u(k-3)
%wejœcie 2: u(k-4)
%wejœcie 3: y(k-1)
%wejœcie 4: y(k-2)
%uczenie w trybie OE
w10(1,1)=-2.4401200436e-001; w1(1,1)=1.1186668958e+000; w1(1,2)=-1.0878006939e+000; w1(1,3)=3.3679717430e-001; w1(1,4)=-1.2184005901e+000; 
w10(2,1)=-9.8152945407e-002; w1(2,1)=-8.9168979182e-001; w1(2,2)=8.7086045473e-001; w1(2,3)=-9.6115532059e-001; w1(2,4)=6.9498407397e-001; 
w10(3,1)=-1.3835408974e-002; w1(3,1)=-9.4352632114e-002; w1(3,2)=-1.3541575797e+000; w1(3,3)=-2.4135611956e-001; w1(3,4)=4.2532520657e-001; 
w10(4,1)=-6.2633004011e-001; w1(4,1)=-2.4966410616e-001; w1(4,2)=-2.2693478458e-001; w1(4,3)=6.9656285173e-001; w1(4,4)=-1.3987012577e-001; 
w10(5,1)=-2.8411779152e-001; w1(5,1)=4.8403925115e-001; w1(5,2)=6.5234204704e-001; w1(5,3)=-4.8053536699e-001; w1(5,4)=8.5312377437e-001; 
w10(6,1)=2.1395049316e-002; w1(6,1)=3.4270863582e-001; w1(6,2)=-1.0545059661e-001; w1(6,3)=1.5901092362e+000; w1(6,4)=-1.2386355755e+000; 
w10(7,1)=2.0333558592e-001; w1(7,1)=-2.1641252855e-001; w1(7,2)=1.9989877279e-001; w1(7,3)=-4.9868156290e-001; w1(7,4)=7.9397533778e-001; 
w10(8,1)=2.0295011064e-002; w1(8,1)=6.1482258472e-001; w1(8,2)=-4.4478466281e-001; w1(8,3)=-1.4449360820e-001; w1(8,4)=-2.4508386153e-001; 
w20=-1.9513684994e-001; w2(1)=1.5521164807e-001; w2(2)=-3.5644428382e-001; w2(3)=-8.0444201844e-002; w2(4)=1.9724572646e-001; w2(5)=-8.7277844962e-002; w2(6)=9.4746856105e-001; w2(7)=1.3671198271e+000; w2(8)=-6.2853621702e-001; 

