
%liczba neuronów ukrytych: 10, liczba wejœæ sieci: 4
%wejœcie 1: u(k-3)
%wejœcie 2: u(k-4)
%wejœcie 3: y(k-1)
%wejœcie 4: y(k-2)
%uczenie w trybie OE
w10(1,1)=4.5106515962e-002; w1(1,1)=5.3835027374e-002; w1(1,2)=5.9002732024e-002; w1(1,3)=-6.6651936895e-002; w1(1,4)=1.4275636945e-002; 
w10(2,1)=-1.5162872785e-001; w1(2,1)=7.4509831373e-002; w1(2,2)=-6.6495000831e-002; w1(2,3)=-2.0816047625e-001; w1(2,4)=-3.3554543021e-001; 
w10(3,1)=-2.0508554879e-001; w1(3,1)=1.3173994246e-003; w1(3,2)=-1.1908839309e-001; w1(3,3)=-1.1529353445e-001; w1(3,4)=-4.1307874206e-001; 
w10(4,1)=1.5819086743e-001; w1(4,1)=-7.0788540225e-002; w1(4,2)=8.3054532363e-002; w1(4,3)=1.4209477923e-001; w1(4,4)=3.7851456570e-001; 
w10(5,1)=1.0645851397e-001; w1(5,1)=5.8879688990e-002; w1(5,2)=1.5997244072e-001; w1(5,3)=6.6988470558e-002; w1(5,4)=2.9106341847e-001; 
w10(6,1)=7.8935122420e-002; w1(6,1)=5.4042797088e-002; w1(6,2)=1.0570648764e-001; w1(6,3)=9.9251151144e-002; w1(6,4)=2.4477913216e-001; 
w10(7,1)=4.7254936855e-002; w1(7,1)=2.2126010733e-002; w1(7,2)=7.8087560897e-002; w1(7,3)=1.8121323135e-002; w1(7,4)=1.5323562447e-001; 
w10(8,1)=6.2076492896e-002; w1(8,1)=-9.1762775021e-003; w1(8,2)=-3.1027100125e-002; w1(8,3)=7.4755674933e-002; w1(8,4)=-5.2236854002e-002; 
w10(9,1)=-1.3207404558e-002; w1(9,1)=-4.1511805352e-002; w1(9,2)=1.0957828053e-001; w1(9,3)=1.2604252578e-002; w1(9,4)=2.4478376510e-001; 
w10(10,1)=-7.4608372990e-002; w1(10,1)=-6.1367011317e-002; w1(10,2)=-4.2618910714e-002; w1(10,3)=1.1396576912e-001; w1(10,4)=1.3068763260e-001; 
w20=-2.3799277888e-001; w2(1)=-2.7586261146e-002; w2(2)=-3.9178059178e-001; w2(3)=-3.9667499045e-001; w2(4)=3.9205371504e-001; w2(5)=2.6544854343e-001; w2(6)=2.4000207161e-001; w2(7)=1.2852619705e-001; w2(8)=-1.0959705072e-002; w2(9)=2.3033981963e-001; w2(10)=1.7926089482e-001; 

