
%liczba neuronów ukrytych: 6, liczba wejœæ sieci: 4
%wejœcie 1: u(k-3)
%wejœcie 2: u(k-4)
%wejœcie 3: y(k-1)
%wejœcie 4: y(k-2)
%uczenie w trybie OE
w10(1,1)=2.8375442724e-001; w1(1,1)=5.1701773221e-001; w1(1,2)=-2.5758873669e-001; w1(1,3)=9.3628324837e-001; w1(1,4)=1.2332576595e-001; 
w10(2,1)=-2.1308600267e-001; w1(2,1)=2.0597789196e-001; w1(2,2)=3.2786489689e+000; w1(2,3)=9.7278048559e-001; w1(2,4)=-1.0324460163e+000; 
w10(3,1)=3.7679601061e-001; w1(3,1)=-5.0666957558e-001; w1(3,2)=4.6975424285e-002; w1(3,3)=1.4062506605e+000; w1(3,4)=-8.3982984370e-001; 
w10(4,1)=-8.6629813538e-001; w1(4,1)=1.7495193998e-001; w1(4,2)=-1.9864907715e-003; w1(4,3)=1.2317265785e+000; w1(4,4)=-6.2872866457e-002; 
w10(5,1)=1.3720398462e+000; w1(5,1)=2.0908515552e-001; w1(5,2)=-3.5694667159e-002; w1(5,3)=1.2812136312e+000; w1(5,4)=-2.1665182924e-001; 
w10(6,1)=3.3054970609e-001; w1(6,1)=1.0756174347e+000; w1(6,2)=-3.0337549577e-001; w1(6,3)=-2.0648062849e-001; w1(6,4)=7.3754087140e-001; 
w20=-2.8068865000e-001; w2(1)=3.9057284924e-001; w2(2)=-1.4918477305e-002; w2(3)=2.7633616039e-001; w2(4)=5.9072819230e-001; w2(5)=6.0966547989e-001; w2(6)=-1.6492311121e-001; 

