
%liczba neuronów ukrytych: 9, liczba wejœæ sieci: 4
%wejœcie 1: u(k-3)
%wejœcie 2: u(k-4)
%wejœcie 3: y(k-1)
%wejœcie 4: y(k-2)
%uczenie w trybie ARX
w10(1,1)=4.9745776087e-001; w1(1,1)=-1.7206052420e-002; w1(1,2)=-1.6110267206e-001; w1(1,3)=-7.5641076711e-001; w1(1,4)=2.6096641738e-001; 
w10(2,1)=-8.9212777532e-001; w1(2,1)=6.6940060980e-002; w1(2,2)=-8.2796004926e-002; w1(2,3)=-6.2908063438e-001; w1(2,4)=2.3400932966e-002; 
w10(3,1)=8.6995285013e-002; w1(3,1)=3.3574501997e-001; w1(3,2)=3.4522812234e-001; w1(3,3)=1.5634848850e-002; w1(3,4)=-2.0557091226e-001; 
w10(4,1)=-2.4737832395e-001; w1(4,1)=-5.1134648879e-001; w1(4,2)=-6.0546762847e-001; w1(4,3)=2.0328994454e-001; w1(4,4)=2.5736909486e-001; 
w10(5,1)=1.9126697463e-001; w1(5,1)=4.8804446220e-002; w1(5,2)=1.4275406593e-001; w1(5,3)=-4.2375144105e-001; w1(5,4)=8.8020902696e-002; 
w10(6,1)=-2.5924348347e-002; w1(6,1)=-1.3109865325e-001; w1(6,2)=-3.0958309233e-001; w1(6,3)=4.0961090483e-001; w1(6,4)=-1.5722450368e-002; 
w10(7,1)=7.0775278263e-002; w1(7,1)=5.7682970249e-001; w1(7,2)=6.8727194698e-001; w1(7,3)=-5.3715690767e-001; w1(7,4)=3.6473095595e-001; 
w10(8,1)=-4.2652015231e-001; w1(8,1)=2.6354941801e-001; w1(8,2)=3.7462103439e-002; w1(8,3)=-1.7367242772e-001; w1(8,4)=-4.7387471567e-001; 
w10(9,1)=6.2433841087e-002; w1(9,1)=6.1957873624e-002; w1(9,2)=1.8709491408e-001; w1(9,3)=-2.6081695289e-001; w1(9,4)=-4.8042485159e-002; 
w20=6.3062932114e-002; w2(1)=-1.1844681729e+000; w2(2)=-8.9960404704e-001; w2(3)=1.8358419678e-001; w2(4)=-1.9191592964e-001; w2(5)=-4.3957472124e-001; w2(6)=4.5799689904e-001; w2(7)=-1.9759265137e-001; w2(8)=2.2348321213e-001; w2(9)=-3.6610324543e-001; 

