
%liczba neuronów ukrytych: 4, liczba wejœæ sieci: 4
%wejœcie 1: u(k-3)
%wejœcie 2: u(k-4)
%wejœcie 3: y(k-1)
%wejœcie 4: y(k-2)
%uczenie w trybie OE
w10(1,1)=2.6673450745e-001; w1(1,1)=-2.7514302713e-001; w1(1,2)=2.3613262804e-001; w1(1,3)=1.5751208333e+000; w1(1,4)=-1.7408460779e+000; 
w10(2,1)=6.5761789382e-001; w1(2,1)=-8.9360468954e-002; w1(2,2)=3.3483050017e-002; w1(2,3)=1.4097135216e+000; w1(2,4)=-9.5245990171e-001; 
w10(3,1)=1.9591075838e-001; w1(3,1)=7.7349083155e-002; w1(3,2)=-7.3079632142e-002; w1(3,3)=-1.0231167785e+000; w1(3,4)=6.6894446132e-001; 
w10(4,1)=9.4079961876e-002; w1(4,1)=-1.2754296657e+000; w1(4,2)=-1.0984675351e+000; w1(4,3)=-2.4489851537e-001; w1(4,4)=-8.3082368883e-002; 
w20=5.2165638743e-002; w2(1)=-8.7802047651e-001; w2(2)=8.4144842857e-001; w2(3)=-1.6181482135e+000; w2(4)=5.0613704400e-002; 

