
%liczba neuronów ukrytych: 10, liczba wejœæ sieci: 4
%wejœcie 1: u(k-3)
%wejœcie 2: u(k-4)
%wejœcie 3: y(k-1)
%wejœcie 4: y(k-2)
%uczenie w trybie OE
w10(1,1)=-1.8119103306e-001; w1(1,1)=-6.6608610369e-001; w1(1,2)=-3.3795787175e-001; w1(1,3)=2.1217630343e-001; w1(1,4)=2.0322807290e-001; 
w10(2,1)=6.5803827729e-001; w1(2,1)=2.6504951470e-001; w1(2,2)=-2.3198657970e-001; w1(2,3)=3.8429311698e-001; w1(2,4)=1.6492170510e-001; 
w10(3,1)=5.0118097165e-003; w1(3,1)=-3.4065218817e-001; w1(3,2)=-8.3791507546e-001; w1(3,3)=-3.7530534824e-001; w1(3,4)=1.0943661686e+000; 
w10(4,1)=1.8257158345e-001; w1(4,1)=-2.9186877467e-001; w1(4,2)=3.6231465438e-002; w1(4,3)=8.4533266012e-001; w1(4,4)=-5.7893450863e-001; 
w10(5,1)=1.0900557435e-002; w1(5,1)=-6.2712120826e-002; w1(5,2)=-9.1430453695e-001; w1(5,3)=5.8511278099e-001; w1(5,4)=2.7646209745e-001; 
w10(6,1)=-1.3880234120e-001; w1(6,1)=3.4399122799e-001; w1(6,2)=-5.9417342241e-001; w1(6,3)=-6.5802883034e-001; w1(6,4)=3.5199135712e-001; 
w10(7,1)=-1.6085287111e-001; w1(7,1)=-1.9333071461e-001; w1(7,2)=7.8682965131e-001; w1(7,3)=5.0407939701e-001; w1(7,4)=-8.3318311171e-001; 
w10(8,1)=-1.2014387103e-001; w1(8,1)=8.9994940609e-001; w1(8,2)=8.6018204980e-001; w1(8,3)=-9.5434476091e-002; w1(8,4)=1.1339173356e-002; 
w10(9,1)=-8.1324649445e-001; w1(9,1)=3.7713599303e-001; w1(9,2)=-2.7059065026e-001; w1(9,3)=2.2305481404e-001; w1(9,4)=6.2914366765e-001; 
w10(10,1)=-5.1258752088e-001; w1(10,1)=-1.1625457924e+000; w1(10,2)=3.1902909636e-001; w1(10,3)=5.8411840066e-001; w1(10,4)=-7.9696789872e-001; 
w20=-4.0654034588e-001; w2(1)=-4.9899949295e-002; w2(2)=1.1594821787e+000; w2(3)=-1.8034131478e-001; w2(4)=5.9001623040e-001; w2(5)=1.8899029200e-001; w2(6)=-3.4426596365e-001; w2(7)=4.2662910158e-002; w2(8)=-8.1534717877e-002; w2(9)=5.8469217548e-001; w2(10)=7.8442481016e-002; 

