
%liczba neuronów ukrytych: 4, liczba wejœæ sieci: 4
%wejœcie 1: u(k-3)
%wejœcie 2: u(k-4)
%wejœcie 3: y(k-1)
%wejœcie 4: y(k-2)
%uczenie w trybie OE
w10(1,1)=-4.5546806497e-001; w1(1,1)=-3.4359049840e-001; w1(1,2)=4.3722210343e-001; w1(1,3)=-1.2990424183e+000; w1(1,4)=1.5214947160e+000; 
w10(2,1)=3.5384861438e-001; w1(2,1)=-5.2604365048e-001; w1(2,2)=-7.4370486365e-002; w1(2,3)=2.4391726122e+000; w1(2,4)=-1.9502181527e+000; 
w10(3,1)=1.5139575535e-001; w1(3,1)=1.5162621004e-001; w1(3,2)=-1.6402786766e-001; w1(3,3)=6.3847233315e-001; w1(3,4)=-3.4024720545e-001; 
w10(4,1)=6.7552586752e-002; w1(4,1)=1.1143835629e+000; w1(4,2)=1.7681281315e+000; w1(4,3)=1.5882319184e+000; w1(4,4)=-7.2689248793e-001; 
w20=-3.8496154308e-002; w2(1)=8.8492639776e-001; w2(2)=1.4314895323e-001; w2(3)=2.4625953909e+000; w2(4)=-4.3118393709e-002; 

