
%liczba neuronów ukrytych: 9, liczba wejœæ sieci: 4
%wejœcie 1: u(k-3)
%wejœcie 2: u(k-4)
%wejœcie 3: y(k-1)
%wejœcie 4: y(k-2)
%uczenie w trybie OE
w10(1,1)=3.9145173664e-001; w1(1,1)=1.3178506196e-001; w1(1,2)=-1.8878156029e-002; w1(1,3)=1.1130307319e-002; w1(1,4)=-3.2763197205e-001; 
w10(2,1)=-1.3444382251e-001; w1(2,1)=-2.2837347698e-001; w1(2,2)=1.4863135910e-001; w1(2,3)=5.5593553946e-001; w1(2,4)=-2.5412562710e-001; 
w10(3,1)=1.0443915216e-001; w1(3,1)=-1.2143935906e+000; w1(3,2)=1.5893862117e-001; w1(3,3)=6.1332593959e-001; w1(3,4)=-5.8974240587e-001; 
w10(4,1)=1.0719274134e-001; w1(4,1)=-2.0703400224e-001; w1(4,2)=8.3443583289e-001; w1(4,3)=-2.9792634736e-001; w1(4,4)=-1.4935590182e-001; 
w10(5,1)=-1.0132300597e-001; w1(5,1)=2.5299843980e-001; w1(5,2)=1.9138167950e-001; w1(5,3)=4.0736150935e-001; w1(5,4)=-1.5505122594e-001; 
w10(6,1)=-8.6430181876e-001; w1(6,1)=7.1371357572e-001; w1(6,2)=1.7686894187e+000; w1(6,3)=2.1306260436e-001; w1(6,4)=-8.5686391578e-001; 
w10(7,1)=-2.9346552545e-001; w1(7,1)=4.7145025110e-001; w1(7,2)=-2.8235618237e-001; w1(7,3)=-2.9812300919e-002; w1(7,4)=2.3467463859e-001; 
w10(8,1)=3.6492198284e-002; w1(8,1)=-2.2313602196e-001; w1(8,2)=1.1418734870e+000; w1(8,3)=9.9572705689e-001; w1(8,4)=-1.3845502523e+000; 
w10(9,1)=6.9212853769e-001; w1(9,1)=1.0078581813e-001; w1(9,2)=-3.7885682740e-001; w1(9,3)=-5.5880289751e-002; w1(9,4)=4.3147413528e-001; 
w20=2.1568653804e-001; w2(1)=-6.1693978983e-001; w2(2)=8.7116342842e-001; w2(3)=2.7285597983e-001; w2(4)=-6.3861983393e-001; w2(5)=6.0314047022e-001; w2(6)=-2.1058475251e-003; w2(7)=7.3463667484e-001; w2(8)=5.3057774215e-001; w2(9)=7.0113516063e-001; 

