
%liczba neuronów ukrytych: 7, liczba wejœæ sieci: 4
%wejœcie 1: u(k-3)
%wejœcie 2: u(k-4)
%wejœcie 3: y(k-1)
%wejœcie 4: y(k-2)
%uczenie w trybie OE
w10(1,1)=-1.3502515395e-001; w1(1,1)=-7.6056029274e-001; w1(1,2)=-6.3193746552e-001; w1(1,3)=8.8123865577e-001; w1(1,4)=3.6222798784e-001; 
w10(2,1)=4.3660228813e-001; w1(2,1)=1.0198066786e+000; w1(2,2)=8.0727569848e-001; w1(2,3)=3.7072988532e-001; w1(2,4)=-7.1878407541e-001; 
w10(3,1)=-1.3766823746e+000; w1(3,1)=-2.4185393186e-001; w1(3,2)=1.6113049817e-001; w1(3,3)=-1.5249750245e-001; w1(3,4)=-5.8846394418e-001; 
w10(4,1)=-3.4935998895e-001; w1(4,1)=-9.5566735236e-001; w1(4,2)=-1.0099397876e+000; w1(4,3)=-1.2540417461e-001; w1(4,4)=3.1609568484e-001; 
w10(5,1)=7.1161275192e-001; w1(5,1)=1.7267673770e+000; w1(5,2)=1.4907331820e+000; w1(5,3)=-8.1760634691e-001; w1(5,4)=-1.5727375497e+000; 
w10(6,1)=5.2042990172e-001; w1(6,1)=-2.7966754757e-003; w1(6,2)=2.4266713869e-002; w1(6,3)=-2.8458676470e-001; w1(6,4)=-1.5885652199e-001; 
w10(7,1)=3.4461779170e-001; w1(7,1)=-5.3758832806e-002; w1(7,2)=7.4012601809e-002; w1(7,3)=1.3027686884e+000; w1(7,4)=-8.4989191883e-001; 
w20=3.8455087442e-002; w2(1)=-2.0832419777e-002; w2(2)=-1.1383990192e-001; w2(3)=-4.8040028744e-001; w2(4)=-1.4064030624e-001; w2(5)=-3.2275098991e-003; w2(6)=-1.5602904625e+000; w2(7)=8.5441738036e-001; 

