
%liczba neuronów ukrytych: 7, liczba wejœæ sieci: 4
%wejœcie 1: u(k-3)
%wejœcie 2: u(k-4)
%wejœcie 3: y(k-1)
%wejœcie 4: y(k-2)
%uczenie w trybie OE
w10(1,1)=7.3498446798e-001; w1(1,1)=1.4851771267e-003; w1(1,2)=-2.1335701147e-002; w1(1,3)=-9.2288940951e-001; w1(1,4)=5.8807982265e-002; 
w10(2,1)=1.2793530824e+000; w1(2,1)=4.6883648200e-002; w1(2,2)=2.6042876755e-002; w1(2,3)=2.9073900317e-001; w1(2,4)=5.3526010764e-001; 
w10(3,1)=-2.3785158292e-001; w1(3,1)=-1.8340880125e-002; w1(3,2)=-2.9283456934e-002; w1(3,3)=-1.6205905815e+000; w1(3,4)=8.2496547839e-001; 
w10(4,1)=2.4523529339e-001; w1(4,1)=-3.1156701338e-001; w1(4,2)=-5.2570133404e-001; w1(4,3)=3.1549425041e-002; w1(4,4)=-5.6843312817e-001; 
w10(5,1)=-6.9578205826e-002; w1(5,1)=-2.2505095749e-001; w1(5,2)=-1.0725783090e+000; w1(5,3)=-3.2698915384e-002; w1(5,4)=1.6741888268e-001; 
w10(6,1)=-4.3702535514e-001; w1(6,1)=-2.2465519558e+000; w1(6,2)=-3.9313065472e-001; w1(6,3)=-4.0347889286e-001; w1(6,4)=2.5435653307e-001; 
w10(7,1)=3.2386242810e-001; w1(7,1)=1.0584156588e-001; w1(7,2)=9.8156988642e-001; w1(7,3)=-9.5577192469e-002; w1(7,4)=-4.4713789476e-001; 
w20=-2.5003022138e-001; w2(1)=-7.3751192871e-001; w2(2)=6.5957133493e-001; w2(3)=-5.9272728152e-001; w2(4)=1.0752927059e-001; w2(5)=-1.5175692728e-001; w2(6)=-8.5650917045e-003; w2(7)=-9.9798077964e-002; 

