
%liczba neuronów ukrytych: 10, liczba wejœæ sieci: 4
%wejœcie 1: u(k-3)
%wejœcie 2: u(k-4)
%wejœcie 3: y(k-1)
%wejœcie 4: y(k-2)
%uczenie w trybie OE
w10(1,1)=1.2086426626e-001; w1(1,1)=5.8310789374e-001; w1(1,2)=-1.0144815346e+000; w1(1,3)=-1.0077363983e+000; w1(1,4)=2.0423340651e+000; 
w10(2,1)=8.2501305961e-002; w1(2,1)=-5.0085502102e-001; w1(2,2)=-1.0525609104e+000; w1(2,3)=1.0166363866e-002; w1(2,4)=1.3277718836e-001; 
w10(3,1)=4.9773029482e-002; w1(3,1)=-3.0145312905e-001; w1(3,2)=1.0252394645e+000; w1(3,3)=-5.0704326206e-001; w1(3,4)=-4.7421346403e-001; 
w10(4,1)=-5.8503149138e-001; w1(4,1)=4.1898078114e-001; w1(4,2)=-9.1669244218e-002; w1(4,3)=-3.1356679932e-001; w1(4,4)=8.9627955927e-001; 
w10(5,1)=-8.8330655471e-002; w1(5,1)=-4.0648936342e-001; w1(5,2)=-5.5900067333e-001; w1(5,3)=4.8972407467e-001; w1(5,4)=6.4196262744e-001; 
w10(6,1)=-1.8956908101e-001; w1(6,1)=-3.8611226218e-003; w1(6,2)=1.8604791497e-001; w1(6,3)=-3.0287926426e-001; w1(6,4)=-1.4236351297e-001; 
w10(7,1)=2.7798934990e-001; w1(7,1)=2.7520058508e-001; w1(7,2)=-1.8424707425e-001; w1(7,3)=1.2152985833e-001; w1(7,4)=3.3313566738e-001; 
w10(8,1)=6.4425614959e-003; w1(8,1)=-4.3506117116e-001; w1(8,2)=2.3815880518e-001; w1(8,3)=8.1374992131e-001; w1(8,4)=-4.1462056636e-001; 
w10(9,1)=-2.2693169443e-002; w1(9,1)=4.9966163157e-001; w1(9,2)=8.7721352840e-001; w1(9,3)=-3.0706593969e-001; w1(9,4)=-4.8912349059e-001; 
w10(10,1)=1.1654621022e-001; w1(10,1)=-1.3709648657e-001; w1(10,2)=9.9210519879e-001; w1(10,3)=4.2022038428e-002; w1(10,4)=-8.9543799210e-001; 
w20=-1.5955384466e-001; w2(1)=-2.8603770674e-001; w2(2)=1.8404823460e-001; w2(3)=-6.5709601860e-001; w2(4)=3.8037020309e-001; w2(5)=8.5537138857e-002; w2(6)=-4.6732836052e-001; w2(7)=9.9159581439e-001; w2(8)=7.2149688115e-001; w2(9)=1.7098879523e-001; w2(10)=5.3513663075e-001; 

