
%liczba neuronów ukrytych: 6, liczba wejœæ sieci: 4
%wejœcie 1: u(k-3)
%wejœcie 2: u(k-4)
%wejœcie 3: y(k-1)
%wejœcie 4: y(k-2)
%uczenie w trybie OE
w10(1,1)=5.0124070988e-004; w1(1,1)=-5.8070780263e-001; w1(1,2)=-1.8097181812e+000; w1(1,3)=2.6097028176e-001; w1(1,4)=-3.0186784282e-001; 
w10(2,1)=-9.8779977316e-001; w1(2,1)=-7.1476538554e-001; w1(2,2)=-1.4200859765e-001; w1(2,3)=-4.6535445941e-001; w1(2,4)=1.0617066893e+000; 
w10(3,1)=8.3750528353e-001; w1(3,1)=9.6031723945e-001; w1(3,2)=2.3586304214e-003; w1(3,3)=1.5541507787e-001; w1(3,4)=3.9987386914e-001; 
w10(4,1)=-8.2681103721e-001; w1(4,1)=2.6847251957e-001; w1(4,2)=-1.1838547146e-001; w1(4,3)=-5.4606748125e-001; w1(4,4)=-1.3789119746e-001; 
w10(5,1)=-6.6590849163e-001; w1(5,1)=-2.2589135336e-001; w1(5,2)=2.1659723230e-001; w1(5,3)=3.1865489563e-001; w1(5,4)=5.3017360352e-001; 
w10(6,1)=-6.2773153012e-001; w1(6,1)=-6.9494719032e-001; w1(6,2)=1.7059475573e-001; w1(6,3)=-1.3675137508e+000; w1(6,4)=8.5851024647e-001; 
w20=-4.0936010274e-001; w2(1)=-2.8550282173e-002; w2(2)=1.2695785577e-001; w2(3)=-2.8986854305e-001; w2(4)=-8.7182564014e-001; w2(5)=6.3996201040e-001; w2(6)=-8.7086041184e-001; 

