
%liczba neuronów ukrytych: 9, liczba wejœæ sieci: 4
%wejœcie 1: u(k-3)
%wejœcie 2: u(k-4)
%wejœcie 3: y(k-1)
%wejœcie 4: y(k-2)
%uczenie w trybie ARX
w10(1,1)=-1.1559167499e-001; w1(1,1)=-2.2718538288e-002; w1(1,2)=-8.5077057902e-002; w1(1,3)=6.0944452729e-001; w1(1,4)=-2.1991836226e-001; 
w10(2,1)=2.4303742482e-001; w1(2,1)=1.3333666429e-002; w1(2,2)=-2.0574230201e-002; w1(2,3)=2.6920907657e-001; w1(2,4)=4.3169286398e-002; 
w10(3,1)=5.8026291092e-001; w1(3,1)=-5.6642702499e-002; w1(3,2)=-2.4566008822e-001; w1(3,3)=-3.0886529808e-001; w1(3,4)=-4.4367775852e-002; 
w10(4,1)=3.8140769526e-002; w1(4,1)=3.1966295882e-001; w1(4,2)=3.5899140379e-001; w1(4,3)=-1.6462256199e-002; w1(4,4)=-3.2204695000e-001; 
w10(5,1)=-1.6806009732e-002; w1(5,1)=2.2196759407e-002; w1(5,2)=-4.9030130882e-003; w1(5,3)=3.0674802406e-001; w1(5,4)=6.0610175824e-001; 
w10(6,1)=-4.3769861408e-001; w1(6,1)=-2.4287165282e-002; w1(6,2)=-3.4630077424e-002; w1(6,3)=3.3923564775e-001; w1(6,4)=2.2136515333e-001; 
w10(7,1)=7.7068498866e-001; w1(7,1)=-3.4058322534e-002; w1(7,2)=7.5287379261e-002; w1(7,3)=2.4373038603e-001; w1(7,4)=2.2584453873e-001; 
w10(8,1)=-6.9154339853e-003; w1(8,1)=1.0714247791e-001; w1(8,2)=3.1336772164e-002; w1(8,3)=-1.1197398717e-001; w1(8,4)=-3.8292506953e-002; 
w10(9,1)=-8.4129312114e-002; w1(9,1)=2.6960675599e-001; w1(9,2)=4.3815285782e-001; w1(9,3)=-7.9724616817e-001; w1(9,4)=5.6820296075e-001; 
w20=1.0420062243e-002; w2(1)=9.4603697648e-001; w2(2)=2.4753728867e-001; w2(3)=-7.4396469555e-001; w2(4)=5.0653396863e-001; w2(5)=-1.0135943246e-001; w2(6)=4.7503504661e-001; w2(7)=8.4643891358e-001; w2(8)=-2.0265688074e-004; w2(9)=-6.5347817516e-001; 

