
%liczba neuronów ukrytych: 4, liczba wejœæ sieci: 4
%wejœcie 1: u(k-3)
%wejœcie 2: u(k-4)
%wejœcie 3: y(k-1)
%wejœcie 4: y(k-2)
%uczenie w trybie OE
w10(1,1)=-9.5665761534e-001; w1(1,1)=-1.9131724594e-001; w1(1,2)=1.7329526951e-001; w1(1,3)=7.2559765727e-002; w1(1,4)=1.0706012709e+000; 
w10(2,1)=-2.4971553864e+000; w1(2,1)=-4.7033756017e-001; w1(2,2)=4.2841355803e-001; w1(2,3)=-1.5714187537e+000; w1(2,4)=-2.3347408388e-001; 
w10(3,1)=-7.3599440171e-002; w1(3,1)=-1.6317820285e+000; w1(3,2)=-2.8185434713e-001; w1(3,3)=-1.0820623211e+000; w1(3,4)=1.0504344127e+000; 
w10(4,1)=-3.2948907591e-001; w1(4,1)=-3.6436896010e-004; w1(4,2)=-1.7535707908e-003; w1(4,3)=-1.0279481320e+000; w1(4,4)=4.2466516637e-001; 
w20=-3.3371523872e-001; w2(1)=3.2786302795e-001; w2(2)=-1.1954799103e-001; w2(3)=-4.2412171962e-002; w2(4)=-1.4343258379e+000; 

