
%liczba neuronów ukrytych: 6, liczba wejœæ sieci: 4
%wejœcie 1: u(k-3)
%wejœcie 2: u(k-4)
%wejœcie 3: y(k-1)
%wejœcie 4: y(k-2)
%uczenie w trybie OE
w10(1,1)=4.3784319969e-001; w1(1,1)=9.2082248805e-001; w1(1,2)=8.5493366498e-001; w1(1,3)=7.3590512922e-002; w1(1,4)=-7.0028548572e-001; 
w10(2,1)=2.5035693035e-001; w1(2,1)=-1.2637303678e+000; w1(2,2)=1.8817033714e+000; w1(2,3)=-6.6278179418e-001; w1(2,4)=-1.6276733641e-001; 
w10(3,1)=9.9617757994e-001; w1(3,1)=-4.8093769092e-002; w1(3,2)=-7.0017512665e-002; w1(3,3)=-2.7972379636e-001; w1(3,4)=-3.0261517131e-001; 
w10(4,1)=-4.6898166117e-001; w1(4,1)=-1.6365591267e-002; w1(4,2)=1.9919530688e-002; w1(4,3)=-4.9859937369e-001; w1(4,4)=9.3917867060e-002; 
w10(5,1)=-4.3310945645e-002; w1(5,1)=-7.2692035194e-001; w1(5,2)=-5.7806029929e-001; w1(5,3)=1.4145047568e+000; w1(5,4)=-1.1409724257e+000; 
w10(6,1)=-7.4466983378e-001; w1(6,1)=-2.2652995471e-001; w1(6,2)=2.4049271428e+000; w1(6,3)=1.1512435045e-001; w1(6,4)=-1.2029659964e+000; 
w20=-4.9179999482e-002; w2(1)=7.9772539055e-002; w2(2)=-5.2326551322e-002; w2(3)=-1.0578454901e+000; w2(4)=-1.9524240823e+000; w2(5)=2.0344971181e-001; w2(6)=1.8834424198e-002; 

