
%liczba neuronów ukrytych: 4, liczba wejœæ sieci: 4
%wejœcie 1: u(k-3)
%wejœcie 2: u(k-4)
%wejœcie 3: y(k-1)
%wejœcie 4: y(k-2)
%uczenie w trybie OE
w10(1,1)=-8.2318922989e-001; w1(1,1)=-5.6679773760e-002; w1(1,2)=2.8845923559e-001; w1(1,3)=-6.7221130490e-001; w1(1,4)=2.9020310185e-001; 
w10(2,1)=-5.1780707539e-001; w1(2,1)=1.9602453134e-001; w1(2,2)=-2.9012685612e-001; w1(2,3)=6.4333975407e-001; w1(2,4)=-1.8442475532e-001; 
w10(3,1)=1.8464961596e+000; w1(3,1)=3.8081205735e-001; w1(3,2)=-2.4525520695e+000; w1(3,3)=3.1556086454e-001; w1(3,4)=-2.4568793570e-001; 
w10(4,1)=3.9696154521e-001; w1(4,1)=-4.1093843494e-001; w1(4,2)=7.5174121271e-001; w1(4,3)=1.4173976760e-002; w1(4,4)=1.3102468365e-001; 
w20=-6.9842957065e-001; w2(1)=-1.7449418214e+000; w2(2)=1.4013010142e+000; w2(3)=-1.0582878604e-001; w2(4)=7.5586737475e-001; 

