
%liczba neuronów ukrytych: 2, liczba wejœæ sieci: 4
%wejœcie 1: u(k-3)
%wejœcie 2: u(k-4)
%wejœcie 3: y(k-1)
%wejœcie 4: y(k-2)
%uczenie w trybie OE
w10(1,1)=-3.0302243380e-001; w1(1,1)=-2.2124241790e+000; w1(1,2)=-4.5512905591e+000; w1(1,3)=-2.1633369346e+001; w1(1,4)=1.8640182400e+001; 
w10(2,1)=-2.3948721303e-001; w1(2,1)=-2.3268864632e-002; w1(2,2)=4.7689961632e-002; w1(2,3)=-5.4588616984e-001; w1(2,4)=-2.0500463694e-002; 
w20=-3.9206409027e-001; w2(1)=4.5475323632e-002; w2(2)=-1.7272239180e+000; 

