
%liczba neuronów ukrytych: 7, liczba wejœæ sieci: 4
%wejœcie 1: u(k-3)
%wejœcie 2: u(k-4)
%wejœcie 3: y(k-1)
%wejœcie 4: y(k-2)
%uczenie w trybie OE
w10(1,1)=-1.1957356278e+000; w1(1,1)=-3.4361880017e-002; w1(1,2)=-4.4218174584e-003; w1(1,3)=-9.1274581642e-001; w1(1,4)=1.8296012890e-001; 
w10(2,1)=-7.7134635157e-002; w1(2,1)=4.6800190847e-001; w1(2,2)=4.5279709634e-002; w1(2,3)=2.7547276291e-001; w1(2,4)=4.9561362209e-001; 
w10(3,1)=8.3311075706e-001; w1(3,1)=8.6386614838e-001; w1(3,2)=8.9285327851e-001; w1(3,3)=-2.4016078569e-001; w1(3,4)=-3.6511837865e-001; 
w10(4,1)=3.5613981837e-001; w1(4,1)=7.2625655908e-001; w1(4,2)=1.0024529461e+000; w1(4,3)=-5.5941525287e-002; w1(4,4)=4.9434003865e-001; 
w10(5,1)=2.7177664109e-001; w1(5,1)=1.0749523086e+000; w1(5,2)=5.3824576299e-001; w1(5,3)=-1.1970988731e-002; w1(5,4)=-2.8032427799e-001; 
w10(6,1)=-1.5573381819e-001; w1(6,1)=-6.4558752121e-002; w1(6,2)=-6.1102818010e-002; w1(6,3)=-9.1419418293e-001; w1(6,4)=1.0280227459e-001; 
w10(7,1)=7.7119988098e-001; w1(7,1)=-2.4729366287e-002; w1(7,2)=3.2770680041e-002; w1(7,3)=-1.2951189864e+000; w1(7,4)=4.9232893877e-001; 
w20=-3.0031722479e-001; w2(1)=-9.6808522644e-001; w2(2)=-1.6600793946e-001; w2(3)=-4.0630989890e-002; w2(4)=4.5313125028e-002; w2(5)=4.2616796258e-002; w2(6)=-5.2233136511e-001; w2(7)=-9.2334198567e-001; 

