
%liczba neuronów ukrytych: 5, liczba wejœæ sieci: 4
%wejœcie 1: u(k-3)
%wejœcie 2: u(k-4)
%wejœcie 3: y(k-1)
%wejœcie 4: y(k-2)
%uczenie w trybie OE
w10(1,1)=-5.7058316750e-001; w1(1,1)=-5.5819141987e-001; w1(1,2)=8.2176962483e-001; w1(1,3)=7.5534241157e-001; w1(1,4)=-1.5115524224e+000; 
w10(2,1)=8.3744749228e-001; w1(2,1)=2.3695279996e-001; w1(2,2)=-2.3024835786e-001; w1(2,3)=5.2646589601e-001; w1(2,4)=1.0689289400e-001; 
w10(3,1)=5.2475287596e-001; w1(3,1)=-2.8429557663e-001; w1(3,2)=2.3881499753e-001; w1(3,3)=-2.2344081007e-001; w1(3,4)=-3.3133816084e-001; 
w10(4,1)=6.1236190946e-002; w1(4,1)=-2.7155342187e-001; w1(4,2)=-2.0665198910e+000; w1(4,3)=-8.2188676621e-001; w1(4,4)=6.2506542422e-001; 
w10(5,1)=1.7414075913e-001; w1(5,1)=-6.8582507385e-001; w1(5,2)=5.4298235924e-001; w1(5,3)=1.7874724745e+000; w1(5,4)=-1.3470300255e+000; 
w20=-1.8196419498e-001; w2(1)=1.2951490511e-001; w2(2)=9.9494067195e-001; w2(3)=-1.0983907206e+000; w2(4)=2.4692229486e-002; w2(5)=5.5048406122e-001; 

