
%liczba neuronów ukrytych: 2, liczba wejœæ sieci: 4
%wejœcie 1: u(k-3)
%wejœcie 2: u(k-4)
%wejœcie 3: y(k-1)
%wejœcie 4: y(k-2)
%uczenie w trybie OE
w10(1,1)=4.5353671083e-001; w1(1,1)=1.6212648403e-001; w1(1,2)=4.4191427088e-002; w1(1,3)=-6.2049004983e-001; w1(1,4)=4.7324380471e-001; 
w10(2,1)=1.1882194044e-001; w1(2,1)=3.2795000782e-001; w1(2,2)=1.5239223950e-001; w1(2,3)=-1.1767066079e+000; w1(2,4)=1.2555529164e+000; 
w20=2.1509357701e+000; w2(1)=-5.7576897694e+000; w2(2)=2.4584779666e+000; 

