
%liczba neuronów ukrytych: 10, liczba wejœæ sieci: 4
%wejœcie 1: u(k-3)
%wejœcie 2: u(k-4)
%wejœcie 3: y(k-1)
%wejœcie 4: y(k-2)
%uczenie w trybie ARX
w10(1,1)=1.6927123368e-001; w1(1,1)=5.1092678533e-002; w1(1,2)=2.1966354067e-001; w1(1,3)=4.9331874653e-001; w1(1,4)=-2.2077734131e-001; 
w10(2,1)=-4.9757277050e-001; w1(2,1)=1.1881777680e-001; w1(2,2)=2.6010241318e-002; w1(2,3)=1.9130787505e-001; w1(2,4)=2.9026684705e-001; 
w10(3,1)=5.1253472477e-002; w1(3,1)=-3.3563127284e-002; w1(3,2)=-1.1367738352e-001; w1(3,3)=-2.7121096408e-001; w1(3,4)=5.7316906775e-002; 
w10(4,1)=-3.2705237603e-001; w1(4,1)=1.1845192102e-002; w1(4,2)=1.9455899555e-002; w1(4,3)=-2.9735144089e-001; w1(4,4)=8.4151553160e-002; 
w10(5,1)=1.7333125871e-001; w1(5,1)=1.4376665250e-002; w1(5,2)=4.9302869529e-002; w1(5,3)=1.7556732559e-001; w1(5,4)=1.1472006198e-002; 
w10(6,1)=8.8464241831e-001; w1(6,1)=1.2795891336e-001; w1(6,2)=1.4893397449e-001; w1(6,3)=-7.3494043970e-001; w1(6,4)=3.9459706995e-001; 
w10(7,1)=2.9271120538e-002; w1(7,1)=-3.2494049994e-001; w1(7,2)=-6.0033494519e-002; w1(7,3)=5.2664501224e-002; w1(7,4)=-4.8194108557e-001; 
w10(8,1)=-5.4175983198e-001; w1(8,1)=-2.1766159246e-002; w1(8,2)=1.2653568786e-001; w1(8,3)=-2.4152224789e-001; w1(8,4)=-6.8588368548e-002; 
w10(9,1)=2.0756062894e-001; w1(9,1)=7.8176104292e-001; w1(9,2)=4.5567859319e-001; w1(9,3)=3.3233240519e-001; w1(9,4)=-8.1942810533e-002; 
w10(10,1)=-2.8560410672e-001; w1(10,1)=1.6298827612e-001; w1(10,2)=-5.4106942946e-002; w1(10,3)=1.8788324956e-001; w1(10,4)=2.5372440409e-002; 
w20=9.8971859931e-002; w2(1)=4.9774993285e-001; w2(2)=2.7186140983e-001; w2(3)=-6.6279392148e-001; w2(4)=-7.9457501094e-001; w2(5)=6.7056364693e-001; w2(6)=-1.0126920815e+000; w2(7)=4.6054791240e-001; w2(8)=-8.8904816604e-001; w2(9)=1.0413910818e-001; w2(10)=5.2458608940e-001; 

