
%liczba neuronów ukrytych: 9, liczba wejœæ sieci: 4
%wejœcie 1: u(k-3)
%wejœcie 2: u(k-4)
%wejœcie 3: y(k-1)
%wejœcie 4: y(k-2)
%uczenie w trybie OE
w10(1,1)=-3.5046548865e-001; w1(1,1)=6.1737003695e-001; w1(1,2)=1.2430511815e+000; w1(1,3)=2.1016904544e-001; w1(1,4)=-6.4444582878e-001; 
w10(2,1)=1.9325630319e-001; w1(2,1)=6.2261745586e-002; w1(2,2)=-8.4406445158e-003; w1(2,3)=-9.1441498477e-001; w1(2,4)=4.5504629621e-001; 
w10(3,1)=1.0486756833e+000; w1(3,1)=-4.3354777421e-002; w1(3,2)=-2.6685742949e-001; w1(3,3)=2.1571072875e-001; w1(3,4)=3.6927516712e-001; 
w10(4,1)=2.1949210731e-001; w1(4,1)=-9.4656758704e-001; w1(4,2)=-3.5952636345e-001; w1(4,3)=-3.1935736162e-001; w1(4,4)=-5.2762555598e-001; 
w10(5,1)=-2.4579322796e-001; w1(5,1)=-6.8834597313e-001; w1(5,2)=1.4304142319e+000; w1(5,3)=6.5170225557e-001; w1(5,4)=-3.6484644632e-001; 
w10(6,1)=9.0521155955e-001; w1(6,1)=-1.5031092652e+000; w1(6,2)=1.4528759938e+000; w1(6,3)=6.7160969019e-001; w1(6,4)=-2.2673753195e+000; 
w10(7,1)=-8.0337097087e-001; w1(7,1)=-7.9753670481e-001; w1(7,2)=6.3109475466e-001; w1(7,3)=7.0662994716e-002; w1(7,4)=-8.6621091423e-001; 
w10(8,1)=-2.0891421922e-002; w1(8,1)=-1.0910350303e-001; w1(8,2)=-1.2286568976e+000; w1(8,3)=-7.9072104640e-001; w1(8,4)=5.9616526496e-001; 
w10(9,1)=9.9615030149e-003; w1(9,1)=5.4225479058e-001; w1(9,2)=5.1394414716e-001; w1(9,3)=6.0395676252e-002; w1(9,4)=-4.2631110511e-001; 
w20=-1.0957814084e-001; w2(1)=-5.7512105941e-002; w2(2)=-1.5389958970e+000; w2(3)=4.6365987440e-001; w2(4)=-2.2011778360e-002; w2(5)=2.2949790340e-001; w2(6)=-8.0221399322e-002; w2(7)=-2.1242497219e-001; w2(8)=1.7758293760e-001; w2(9)=1.6487753443e-001; 

