
%liczba neuronów ukrytych: 9, liczba wejœæ sieci: 4
%wejœcie 1: u(k-3)
%wejœcie 2: u(k-4)
%wejœcie 3: y(k-1)
%wejœcie 4: y(k-2)
%uczenie w trybie ARX
w10(1,1)=3.1134952891e-002; w1(1,1)=3.4023865399e-001; w1(1,2)=2.2444895988e-001; w1(1,3)=-5.0087470473e-001; w1(1,4)=-3.6111073743e-001; 
w10(2,1)=-6.9321071712e-001; w1(2,1)=-2.5209550167e-002; w1(2,2)=-1.1263245798e-001; w1(2,3)=-1.9700506367e-001; w1(2,4)=-1.5337846198e-001; 
w10(3,1)=-9.5365324008e-002; w1(3,1)=-2.8142384221e-002; w1(3,2)=-3.3928305983e-002; w1(3,3)=1.9642356644e-001; w1(3,4)=4.0077825052e-002; 
w10(4,1)=-1.8277259975e-001; w1(4,1)=2.9555252770e-001; w1(4,2)=3.6412250830e-001; w1(4,3)=-8.3072351783e-001; w1(4,4)=5.2825129572e-001; 
w10(5,1)=3.2929190637e-001; w1(5,1)=2.0444481950e-002; w1(5,2)=5.7504916547e-002; w1(5,3)=-3.5938977172e-001; w1(5,4)=4.0705469927e-002; 
w10(6,1)=2.9777587297e-001; w1(6,1)=1.6624389031e-002; w1(6,2)=4.3297250744e-002; w1(6,3)=-4.5725618903e-001; w1(6,4)=1.5734508692e-001; 
w10(7,1)=8.3707995452e-001; w1(7,1)=-1.3772020987e-001; w1(7,2)=-3.6698211095e-001; w1(7,3)=-4.7238974482e-001; w1(7,4)=-7.1647237898e-002; 
w10(8,1)=4.1932653929e-002; w1(8,1)=-4.9702855503e-002; w1(8,2)=-3.0434990979e-002; w1(8,3)=2.3401363814e-001; w1(8,4)=6.8918079073e-003; 
w10(9,1)=-9.1603449854e-003; w1(9,1)=3.5942280444e-001; w1(9,2)=2.0364324155e-001; w1(9,3)=1.3994500158e-002; w1(9,4)=-6.0944776205e-001; 
w20=-1.4546103858e-001; w2(1)=-1.7717326585e-001; w2(2)=-1.2062154746e+000; w2(3)=4.9157088734e-001; w2(4)=-5.6286470885e-001; w2(5)=-4.0838141329e-001; w2(6)=-7.3664097708e-001; w2(7)=-4.4620175194e-001; w2(8)=6.1167545790e-001; w2(9)=5.6234312756e-001; 

