
%liczba neuronów ukrytych: 7, liczba wejœæ sieci: 4
%wejœcie 1: u(k-3)
%wejœcie 2: u(k-4)
%wejœcie 3: y(k-1)
%wejœcie 4: y(k-2)
%uczenie w trybie OE
w10(1,1)=4.0223120571e-001; w1(1,1)=-2.8157846426e-001; w1(1,2)=-1.6536468134e+000; w1(1,3)=-1.6028616298e+000; w1(1,4)=-1.0561553122e+000; 
w10(2,1)=6.6386877174e-002; w1(2,1)=-4.7281507647e-003; w1(2,2)=-1.9497334881e+000; w1(2,3)=1.8940988407e-001; w1(2,4)=-1.7748238768e-001; 
w10(3,1)=9.1056689461e-001; w1(3,1)=2.5089635789e-001; w1(3,2)=1.9427802294e+000; w1(3,3)=-4.1195043918e-001; w1(3,4)=-1.4575589696e+000; 
w10(4,1)=7.1387205497e-001; w1(4,1)=-4.7599176353e-002; w1(4,2)=-1.6489664986e-002; w1(4,3)=-9.4652056713e-001; w1(4,4)=-1.2975014395e-001; 
w10(5,1)=-1.0517486252e+000; w1(5,1)=-2.9924151950e-001; w1(5,2)=3.2144483582e-001; w1(5,3)=1.0331473364e-001; w1(5,4)=-6.5084951527e-001; 
w10(6,1)=-5.3556070838e-001; w1(6,1)=5.2560591998e-002; w1(6,2)=-4.1947381972e-002; w1(6,3)=-8.1706890227e-001; w1(6,4)=3.0780808935e-001; 
w10(7,1)=-4.9640518383e-001; w1(7,1)=1.5442301860e+000; w1(7,2)=4.1568014813e-001; w1(7,3)=6.5450134631e-001; w1(7,4)=1.5719936554e+000; 
w20=-6.3161121254e-001; w2(1)=2.9749747606e-002; w2(2)=5.9229393436e-002; w2(3)=6.7623192136e-003; w2(4)=-4.4246843925e-001; w2(5)=-1.2240414242e-001; w2(6)=-1.6365790907e+000; w2(7)=3.1614475427e-002; 

