
%liczba neuronów ukrytych: 2, liczba wejœæ sieci: 4
%wejœcie 1: u(k-3)
%wejœcie 2: u(k-4)
%wejœcie 3: y(k-1)
%wejœcie 4: y(k-2)
%uczenie w trybie OE
w10(1,1)=6.1517339775e-001; w1(1,1)=-1.7628625937e-001; w1(1,2)=-1.7209316014e-001; w1(1,3)=4.9549060235e+000; w1(1,4)=-3.7973591936e+000; 
w10(2,1)=-4.0872635001e-001; w1(2,1)=3.3781954953e-002; w1(2,2)=4.4490699543e-002; w1(2,3)=-1.9730700552e+000; w1(2,4)=1.2416322827e+000; 
w20=-5.3564367305e-001; w2(1)=-1.4063714370e+000; w2(2)=-3.3684467976e+000; 

