
%liczba neuronów ukrytych: 6, liczba wejœæ sieci: 4
%wejœcie 1: u(k-3)
%wejœcie 2: u(k-4)
%wejœcie 3: y(k-1)
%wejœcie 4: y(k-2)
%uczenie w trybie OE
w10(1,1)=1.5798781683e-001; w1(1,1)=-2.4696604304e-001; w1(1,2)=-1.8163432021e+000; w1(1,3)=9.3872816408e-001; w1(1,4)=-7.1126913679e-001; 
w10(2,1)=7.4005531138e-001; w1(2,1)=-1.0598363680e-001; w1(2,2)=4.7394055177e-002; w1(2,3)=1.1728313109e+000; w1(2,4)=-5.4169248489e-001; 
w10(3,1)=-5.6539474939e-001; w1(3,1)=1.0151449626e+000; w1(3,2)=-7.7124891974e-001; w1(3,3)=-1.5979792275e+000; w1(3,4)=-8.1826799886e-001; 
w10(4,1)=9.4349590537e-001; w1(4,1)=3.7246735965e-001; w1(4,2)=-1.3930968188e-001; w1(4,3)=7.8327477528e-001; w1(4,4)=2.8082181782e-001; 
w10(5,1)=-7.2604591535e-001; w1(5,1)=1.1818570883e-001; w1(5,2)=-3.9758945987e-002; w1(5,3)=9.9479097979e-001; w1(5,4)=2.0955364923e-001; 
w10(6,1)=6.9164681153e-001; w1(6,1)=9.1001660611e-001; w1(6,2)=7.2583146212e-001; w1(6,3)=2.6232868283e-001; w1(6,4)=5.9755574246e-001; 
w20=-4.9565366946e-001; w2(1)=4.7762392392e-002; w2(2)=1.0165847980e+000; w2(3)=-2.0347078992e-002; w2(4)=2.4846920243e-001; w2(5)=5.3274717353e-001; w2(6)=-2.3628892173e-002; 

