
%liczba neuronów ukrytych: 8, liczba wejœæ sieci: 4
%wejœcie 1: u(k-3)
%wejœcie 2: u(k-4)
%wejœcie 3: y(k-1)
%wejœcie 4: y(k-2)
%uczenie w trybie OE
w10(1,1)=1.0722270868e+000; w1(1,1)=1.9823192932e-001; w1(1,2)=-1.2328384324e+000; w1(1,3)=-1.9953759724e-001; w1(1,4)=4.1468888084e-001; 
w10(2,1)=-1.1317956446e-001; w1(2,1)=6.9033094528e-001; w1(2,2)=-8.9520785678e-001; w1(2,3)=-9.8894888189e-002; w1(2,4)=8.1856274618e-001; 
w10(3,1)=-7.4069001562e-001; w1(3,1)=2.9616403266e-001; w1(3,2)=-2.9189188350e-001; w1(3,3)=7.3403166295e-001; w1(3,4)=9.2039177377e-002; 
w10(4,1)=-3.5623834104e-001; w1(4,1)=3.8279622355e-001; w1(4,2)=-4.5947569434e-001; w1(4,3)=-5.6981759068e-001; w1(4,4)=2.3154908213e-001; 
w10(5,1)=1.0123198844e+000; w1(5,1)=-1.3566679964e-002; w1(5,2)=-1.3311938547e+000; w1(5,3)=-8.0761344309e-001; w1(5,4)=5.4847086610e-001; 
w10(6,1)=-5.6570400601e-001; w1(6,1)=-4.7329813870e-002; w1(6,2)=6.5547151710e-002; w1(6,3)=-7.7443658147e-001; w1(6,4)=3.4304913608e-001; 
w10(7,1)=2.8788582418e-002; w1(7,1)=1.1935333958e-001; w1(7,2)=-1.7446307223e-001; w1(7,3)=2.2703478426e-001; w1(7,4)=7.0819536820e-002; 
w10(8,1)=-1.8038858738e-001; w1(8,1)=8.6468812641e-001; w1(8,2)=1.1988112916e+000; w1(8,3)=-3.7695903579e-001; w1(8,4)=2.0973545774e-001; 
w20=-6.0371413237e-001; w2(1)=7.7501403153e-002; w2(2)=-3.7149289957e-002; w2(3)=4.5380245058e-001; w2(4)=-5.1378549444e-001; w2(5)=-6.2881950630e-002; w2(6)=-1.3148799115e+000; w2(7)=5.4054518655e-001; w2(8)=-4.2498403788e-002; 

