
%liczba neuronów ukrytych: 9, liczba wejœæ sieci: 4
%wejœcie 1: u(k-3)
%wejœcie 2: u(k-4)
%wejœcie 3: y(k-1)
%wejœcie 4: y(k-2)
%uczenie w trybie OE
w10(1,1)=-5.1041017055e-001; w1(1,1)=-7.0280829683e-001; w1(1,2)=-3.9283817401e-001; w1(1,3)=-2.4185460423e-001; w1(1,4)=1.7817404256e-001; 
w10(2,1)=-6.5172545228e-001; w1(2,1)=4.0223632994e-001; w1(2,2)=-1.5098615406e+000; w1(2,3)=7.0891963503e-001; w1(2,4)=-9.3462053067e-001; 
w10(3,1)=8.9355945002e-001; w1(3,1)=1.6908387431e-001; w1(3,2)=-1.6632509624e-001; w1(3,3)=-2.6446198802e-001; w1(3,4)=-4.5503495180e-001; 
w10(4,1)=1.2440152163e-001; w1(4,1)=1.9243528618e-001; w1(4,2)=5.5854369653e-001; w1(4,3)=-2.4811948770e-001; w1(4,4)=4.6671466113e-001; 
w10(5,1)=4.4639901302e-002; w1(5,1)=-5.2884793567e-001; w1(5,2)=9.2742961441e-001; w1(5,3)=-8.3846914307e-001; w1(5,4)=1.0886378722e+000; 
w10(6,1)=1.5245330880e-001; w1(6,1)=-3.2918149633e-001; w1(6,2)=9.3463779078e-001; w1(6,3)=2.2862783703e-001; w1(6,4)=5.2962021550e-002; 
w10(7,1)=-9.6777473199e-002; w1(7,1)=-8.4414087110e-002; w1(7,2)=6.5050227274e-002; w1(7,3)=-6.5080479879e-001; w1(7,4)=2.9487586947e-001; 
w10(8,1)=-7.7727926985e-001; w1(8,1)=-9.0845568615e-001; w1(8,2)=-3.5321276301e-001; w1(8,3)=-5.0551874406e-001; w1(8,4)=5.8432662758e-001; 
w10(9,1)=6.8472929677e-001; w1(9,1)=-1.2261856513e-001; w1(9,2)=1.9758874933e-001; w1(9,3)=-2.7721569581e-001; w1(9,4)=6.7581748299e-001; 
w20=-3.7648892984e-001; w2(1)=-5.0314442031e-001; w2(2)=8.7104079222e-002; w2(3)=-5.7945433299e-001; w2(4)=-5.3189769181e-001; w2(5)=-3.9712095818e-001; w2(6)=6.4347445537e-001; w2(7)=-1.3926001918e+000; w2(8)=2.7265794878e-001; w2(9)=1.0635309991e+000; 

