
%liczba neuronów ukrytych: 3, liczba wejœæ sieci: 4
%wejœcie 1: u(k-3)
%wejœcie 2: u(k-4)
%wejœcie 3: y(k-1)
%wejœcie 4: y(k-2)
%uczenie w trybie OE
w10(1,1)=-6.5372247422e-001; w1(1,1)=-4.8530425648e-002; w1(1,2)=1.0533415130e-001; w1(1,3)=1.8744871121e-001; w1(1,4)=-7.3629348435e-001; 
w10(2,1)=9.2426862785e-001; w1(2,1)=3.5524159465e-002; w1(2,2)=1.2388994148e-001; w1(2,3)=5.0667156327e-001; w1(2,4)=-1.1654829222e+000; 
w10(3,1)=-9.4429436121e-002; w1(3,1)=3.8878494984e-002; w1(3,2)=-4.6591637587e-001; w1(3,3)=-3.6662010645e+000; w1(3,4)=3.3465570847e+000; 
w20=1.7070023073e-002; w2(1)=-1.2467977060e+000; w2(2)=-1.0717678925e+000; w2(3)=-5.0104739210e-001; 

