
%liczba neuronów ukrytych: 10, liczba wejœæ sieci: 4
%wejœcie 1: u(k-3)
%wejœcie 2: u(k-4)
%wejœcie 3: y(k-1)
%wejœcie 4: y(k-2)
%uczenie w trybie OE
w10(1,1)=2.6527513425e-002; w1(1,1)=2.7982484873e-001; w1(1,2)=-9.3474905854e-001; w1(1,3)=4.1591829198e-001; w1(1,4)=-1.7206040949e-002; 
w10(2,1)=-1.6725155838e-002; w1(2,1)=1.8731746324e-001; w1(2,2)=-1.1485756735e+000; w1(2,3)=-1.1627372141e+000; w1(2,4)=1.5590817738e+000; 
w10(3,1)=6.6396918014e-001; w1(3,1)=-5.6998209622e-002; w1(3,2)=1.5887454545e-001; w1(3,3)=4.0243271954e-001; w1(3,4)=1.2213382012e-001; 
w10(4,1)=1.1926535496e-001; w1(4,1)=-6.5308448536e-001; w1(4,2)=-8.5326993005e-001; w1(4,3)=1.2643446925e-001; w1(4,4)=-1.1706763069e-001; 
w10(5,1)=7.0345608376e-002; w1(5,1)=6.9016021117e-002; w1(5,2)=-1.0303040283e-001; w1(5,3)=-2.2375812188e-002; w1(5,4)=3.9423688328e-001; 
w10(6,1)=-6.9839158629e-001; w1(6,1)=1.5967953210e-002; w1(6,2)=2.2971263031e-001; w1(6,3)=2.9638656489e-001; w1(6,4)=2.7988254594e-001; 
w10(7,1)=6.9192049832e-002; w1(7,1)=-6.6182557414e-001; w1(7,2)=-1.5442976174e+000; w1(7,3)=2.4666799913e-001; w1(7,4)=1.3072787458e+000; 
w10(8,1)=2.8147986341e-001; w1(8,1)=6.2315409678e-001; w1(8,2)=-5.3895048692e-001; w1(8,3)=-6.4335809939e-002; w1(8,4)=9.4076238850e-001; 
w10(9,1)=3.3178859580e-002; w1(9,1)=2.6421151137e-002; w1(9,2)=7.8471349828e-002; w1(9,3)=-3.0375374259e-001; w1(9,4)=-7.9292738162e-005; 
w10(10,1)=-4.2483396457e-001; w1(10,1)=-1.6817238645e-001; w1(10,2)=-9.6014976314e-001; w1(10,3)=2.3202480036e-001; w1(10,4)=9.3239672751e-001; 
w20=-8.0394848898e-002; w2(1)=7.0758796821e-001; w2(2)=-4.5410277076e-001; w2(3)=8.7392734716e-001; w2(4)=1.0272238073e-001; w2(5)=4.9038332446e-001; w2(6)=7.5397270970e-001; w2(7)=6.4261401709e-004; w2(8)=-9.3214523560e-002; w2(9)=-4.9734627264e-001; w2(10)=8.6978924778e-003; 

