
%liczba neuronów ukrytych: 7, liczba wejœæ sieci: 4
%wejœcie 1: u(k-3)
%wejœcie 2: u(k-4)
%wejœcie 3: y(k-1)
%wejœcie 4: y(k-2)
%uczenie w trybie OE
w10(1,1)=-4.9216427212e-001; w1(1,1)=-9.4687817299e-002; w1(1,2)=1.1631568867e+000; w1(1,3)=-6.0790377090e-001; w1(1,4)=1.6714702438e-001; 
w10(2,1)=1.0092973023e-001; w1(2,1)=1.6396372083e+000; w1(2,2)=1.4770277409e+000; w1(2,3)=-3.7032863966e-001; w1(2,4)=-7.2701418026e-002; 
w10(3,1)=-2.0799997046e+000; w1(3,1)=3.8145821587e-001; w1(3,2)=-5.2546472631e-001; w1(3,3)=-8.9184914373e-001; w1(3,4)=-1.6211227645e+000; 
w10(4,1)=-1.1567044679e+000; w1(4,1)=2.9232743078e-001; w1(4,2)=-3.0854205037e-001; w1(4,3)=-9.7352933298e-001; w1(4,4)=-8.5846784430e-002; 
w10(5,1)=1.5654264921e-001; w1(5,1)=-4.2378001635e-001; w1(5,2)=5.1208490714e-001; w1(5,3)=-1.5579023856e+000; w1(5,4)=9.5749850471e-001; 
w10(6,1)=5.6201187849e-001; w1(6,1)=3.7753099139e-001; w1(6,2)=-3.4699865784e-001; w1(6,3)=-6.4524913517e-001; w1(6,4)=-2.1386874970e-001; 
w10(7,1)=-5.9411569787e-001; w1(7,1)=-1.6947016104e+000; w1(7,2)=4.1652789931e-001; w1(7,3)=-9.0957205910e-001; w1(7,4)=3.0855378510e-001; 
w20=-8.8566644548e-002; w2(1)=6.1970018609e-002; w2(2)=1.7518473016e-002; w2(3)=3.8000099161e-002; w2(4)=-6.6669471578e-001; w2(5)=-5.1681074443e-001; w2(6)=-6.6780600455e-001; w2(7)=-4.8041003511e-002; 

