
%liczba neuronów ukrytych: 10, liczba wejœæ sieci: 4
%wejœcie 1: u(k-3)
%wejœcie 2: u(k-4)
%wejœcie 3: y(k-1)
%wejœcie 4: y(k-2)
%uczenie w trybie OE
w10(1,1)=-2.8000327280e-002; w1(1,1)=-8.3198678466e-002; w1(1,2)=8.4079235293e-002; w1(1,3)=1.7696208157e-001; w1(1,4)=1.8020815445e-001; 
w10(2,1)=-3.3072265828e-001; w1(2,1)=-1.6682231799e-002; w1(2,2)=-1.7620256472e-001; w1(2,3)=-2.3299341477e-001; w1(2,4)=-4.2788521813e-001; 
w10(3,1)=-1.3301557474e-002; w1(3,1)=4.3994626493e-002; w1(3,2)=3.2833023103e-003; w1(3,3)=-2.0204762717e-001; w1(3,4)=-2.8749017800e-001; 
w10(4,1)=-8.4507526805e-002; w1(4,1)=3.6544080060e-002; w1(4,2)=-4.2036474018e-002; w1(4,3)=2.7127602698e-002; w1(4,4)=-1.2834720955e-002; 
w10(5,1)=-4.0635571554e-002; w1(5,1)=-4.7803896966e-003; w1(5,2)=2.7479742449e-002; w1(5,3)=6.7745855764e-002; w1(5,4)=-7.2673045098e-002; 
w10(6,1)=2.7189859672e-003; w1(6,1)=1.1101931670e-001; w1(6,2)=4.9884746212e-004; w1(6,3)=8.3601712599e-002; w1(6,4)=1.8624267372e-002; 
w10(7,1)=5.1332695836e-002; w1(7,1)=-4.7121407262e-002; w1(7,2)=-4.3791089439e-002; w1(7,3)=-3.4093337244e-002; w1(7,4)=-7.9984832325e-002; 
w10(8,1)=2.1460549768e-001; w1(8,1)=8.7323417414e-002; w1(8,2)=1.5482244913e-001; w1(8,3)=1.0492504347e-001; w1(8,4)=3.7389203092e-001; 
w10(9,1)=1.5848812902e-002; w1(9,1)=1.6821270575e-001; w1(9,2)=-5.6906880168e-003; w1(9,3)=-1.6268869734e-001; w1(9,4)=-2.2668560043e-001; 
w10(10,1)=-6.6997733822e-002; w1(10,1)=-3.6026733394e-002; w1(10,2)=-1.0991450346e-001; w1(10,3)=-1.6536359838e-001; w1(10,4)=-1.2244587820e-001; 
w20=-2.3486150246e-001; w2(1)=2.6378262601e-001; w2(2)=-5.1036658669e-001; w2(3)=-3.5114306524e-001; w2(4)=-7.0399984091e-003; w2(5)=-2.2733912008e-002; w2(6)=4.0501536905e-002; w2(7)=-8.4711009771e-002; w2(8)=3.6038798595e-001; w2(9)=-2.9240248897e-001; w2(10)=-1.8231562140e-001; 

