
%liczba neuronów ukrytych: 6, liczba wejœæ sieci: 4
%wejœcie 1: u(k-3)
%wejœcie 2: u(k-4)
%wejœcie 3: y(k-1)
%wejœcie 4: y(k-2)
%uczenie w trybie OE
w10(1,1)=-9.0354200858e-002; w1(1,1)=-8.2366960633e-001; w1(1,2)=-1.1837238982e+000; w1(1,3)=-1.5021057437e-001; w1(1,4)=-1.5216099761e-001; 
w10(2,1)=-1.0150288493e+000; w1(2,1)=3.0914293691e-002; w1(2,2)=-3.9204554847e-002; w1(2,3)=-8.8348557619e-001; w1(2,4)=2.4143855959e-001; 
w10(3,1)=7.4124059175e-001; w1(3,1)=-1.2816546937e+000; w1(3,2)=-3.0481695229e+000; w1(3,3)=2.4220045680e-001; w1(3,4)=8.1659406971e-001; 
w10(4,1)=6.6974918147e-001; w1(4,1)=-1.5291817146e-001; w1(4,2)=1.1504073939e-001; w1(4,3)=-6.9369487650e-001; w1(4,4)=-2.7261176730e-001; 
w10(5,1)=-2.5452349835e-001; w1(5,1)=1.3885751350e+000; w1(5,2)=-9.4124229038e-001; w1(5,3)=-1.8360785795e+000; w1(5,4)=1.2437621123e+000; 
w10(6,1)=-3.5297413149e-001; w1(6,1)=-9.7004914237e-002; w1(6,2)=8.2185433391e-002; w1(6,3)=-1.2399996978e+000; w1(6,4)=6.0296742188e-001; 
w20=-6.1378908507e-001; w2(1)=3.2353918144e-002; w2(2)=-9.4830533137e-001; w2(3)=4.4062814402e-003; w2(4)=-5.5100208993e-001; w2(5)=-7.8639954748e-002; w2(6)=-5.5626341075e-001; 

