
%liczba neuronów ukrytych: 9, liczba wejœæ sieci: 4
%wejœcie 1: u(k-3)
%wejœcie 2: u(k-4)
%wejœcie 3: y(k-1)
%wejœcie 4: y(k-2)
%uczenie w trybie ARX
w10(1,1)=4.1005936945e-002; w1(1,1)=4.8392777405e-002; w1(1,2)=6.9658887182e-002; w1(1,3)=-3.9237749770e-001; w1(1,4)=1.1743256545e-001; 
w10(2,1)=-5.7879965772e-003; w1(2,1)=-3.6269609495e-001; w1(2,2)=-5.7317744857e-001; w1(2,3)=7.3049056148e-001; w1(2,4)=-5.5369590908e-001; 
w10(3,1)=-3.3974908140e-001; w1(3,1)=7.4082992913e-002; w1(3,2)=-3.8908654424e-002; w1(3,3)=-1.9870064258e-001; w1(3,4)=-1.2206353042e-001; 
w10(4,1)=5.0558436530e-001; w1(4,1)=-9.9871438738e-002; w1(4,2)=-2.0747896558e-001; w1(4,3)=-4.8437468436e-001; w1(4,4)=2.3646644287e-001; 
w10(5,1)=-2.9075714002e-002; w1(5,1)=-6.5824614145e-002; w1(5,2)=-7.0043263588e-002; w1(5,3)=4.3728776923e-001; w1(5,4)=-1.5282733993e-001; 
w10(6,1)=4.0187627936e-001; w1(6,1)=4.2922558465e-002; w1(6,2)=9.5772475697e-002; w1(6,3)=-4.6545318004e-001; w1(6,4)=3.3394774886e-002; 
w10(7,1)=-2.2408696408e-001; w1(7,1)=-3.5057987437e-001; w1(7,2)=-4.1899879162e-001; w1(7,3)=-1.2256732699e-001; w1(7,4)=4.3426053865e-001; 
w10(8,1)=1.9485503496e-001; w1(8,1)=-2.0159047079e-001; w1(8,2)=1.6354999827e-001; w1(8,3)=3.3847195917e-001; w1(8,4)=4.2470848488e-001; 
w10(9,1)=2.3176986850e-001; w1(9,1)=2.6114853600e-002; w1(9,2)=3.3519811275e-003; w1(9,3)=1.5695729706e-001; w1(9,4)=1.3780886151e-001; 
w20=9.0278724059e-002; w2(1)=-6.3923603706e-001; w2(2)=3.0839712644e-001; w2(3)=-9.1304093325e-001; w2(4)=-7.7728422616e-001; w2(5)=6.8237359228e-001; w2(6)=-4.8014545095e-001; w2(7)=-3.6029674458e-001; w2(8)=-1.9380645029e-001; w2(9)=7.1248797751e-001; 

