
%liczba neuronów ukrytych: 9, liczba wejœæ sieci: 4
%wejœcie 1: u(k-3)
%wejœcie 2: u(k-4)
%wejœcie 3: y(k-1)
%wejœcie 4: y(k-2)
%uczenie w trybie OE
w10(1,1)=-3.4016525392e-001; w1(1,1)=2.2664852630e-002; w1(1,2)=-3.3976352111e-001; w1(1,3)=-1.2482197184e+000; w1(1,4)=8.2171015322e-001; 
w10(2,1)=4.6923473061e-001; w1(2,1)=8.0857570291e-001; w1(2,2)=-8.0330924955e-001; w1(2,3)=7.0426348031e-001; w1(2,4)=-8.7066945777e-001; 
w10(3,1)=9.0216251590e-001; w1(3,1)=7.9685458159e-001; w1(3,2)=-2.2069839494e-001; w1(3,3)=6.1535767631e-001; w1(3,4)=-1.5113932958e+000; 
w10(4,1)=1.1973489699e+000; w1(4,1)=-4.2416980400e-002; w1(4,2)=2.9879600068e-002; w1(4,3)=-7.4095868611e-001; w1(4,4)=-4.9350270709e-001; 
w10(5,1)=-1.1346551249e-001; w1(5,1)=2.4033663807e-001; w1(5,2)=5.9884166192e-001; w1(5,3)=-2.8460788685e-001; w1(5,4)=-2.7617455893e-001; 
w10(6,1)=6.3276399196e-001; w1(6,1)=1.1374590726e-001; w1(6,2)=-2.5212212573e-001; w1(6,3)=5.7998243810e-001; w1(6,4)=-1.6479919241e-002; 
w10(7,1)=-7.0233356656e-002; w1(7,1)=-9.0473556006e-001; w1(7,2)=-3.5272171260e+000; w1(7,3)=7.0966715962e-001; w1(7,4)=-3.6513382646e-001; 
w10(8,1)=-1.0101637015e+000; w1(8,1)=1.6620013491e+000; w1(8,2)=-2.1041050999e+000; w1(8,3)=3.5741560090e-001; w1(8,4)=-1.4527185957e+000; 
w10(9,1)=-5.1521787034e-001; w1(9,1)=9.1399363607e-001; w1(9,2)=-6.3857583697e-001; w1(9,3)=6.2142097862e-001; w1(9,4)=-1.3827781231e+000; 
w20=-5.3111905284e-001; w2(1)=-7.9850515764e-001; w2(2)=2.2063143126e-001; w2(3)=-2.6437613789e-001; w2(4)=-2.8354376461e-001; w2(5)=7.9932615928e-002; w2(6)=9.7901288075e-001; w2(7)=-1.0715250280e-002; w2(8)=7.2855188124e-002; w2(9)=-2.4198249200e-001; 

