
%liczba neuronów ukrytych: 5, liczba wejœæ sieci: 4
%wejœcie 1: u(k-3)
%wejœcie 2: u(k-4)
%wejœcie 3: y(k-1)
%wejœcie 4: y(k-2)
%uczenie w trybie OE
w10(1,1)=-6.9054775936e-001; w1(1,1)=-1.7535057921e-001; w1(1,2)=1.3633179506e-001; w1(1,3)=-2.5276978249e-001; w1(1,4)=-3.6557657937e-001; 
w10(2,1)=8.6110437991e-003; w1(2,1)=5.8029198783e-001; w1(2,2)=-4.3524815308e-001; w1(2,3)=-2.0635832124e+000; w1(2,4)=1.6819765047e+000; 
w10(3,1)=6.9857863847e-001; w1(3,1)=-3.7449028831e-001; w1(3,2)=2.1654877122e-001; w1(3,3)=-4.1307737782e-002; w1(3,4)=-9.2732066943e-001; 
w10(4,1)=2.0290834615e-001; w1(4,1)=4.3352566688e-001; w1(4,2)=1.0944685288e+000; w1(4,3)=2.2848455195e-001; w1(4,4)=-2.2053296265e-001; 
w10(5,1)=3.2601219150e-001; w1(5,1)=5.9902774859e-001; w1(5,2)=1.0836093273e+000; w1(5,3)=1.0509740201e+000; w1(5,4)=-1.0762445296e+000; 
w20=-3.7492631471e-001; w2(1)=-1.1394913724e+000; w2(2)=-4.8359177083e-001; w2(3)=-5.1919148311e-001; w2(4)=-2.9627400551e-001; w2(5)=2.2119248754e-001; 

