
%liczba neuronów ukrytych: 6, liczba wejœæ sieci: 4
%wejœcie 1: u(k-3)
%wejœcie 2: u(k-4)
%wejœcie 3: y(k-1)
%wejœcie 4: y(k-2)
%uczenie w trybie OE
w10(1,1)=-1.7290602749e-002; w1(1,1)=-5.1977898210e-001; w1(1,2)=1.9726578921e-001; w1(1,3)=-1.2590133770e+000; w1(1,4)=1.2589271114e+000; 
w10(2,1)=-5.3561732660e-001; w1(2,1)=-1.6862715291e-001; w1(2,2)=-4.9224315899e-003; w1(2,3)=-4.5206783138e-002; w1(2,4)=6.2436885918e-001; 
w10(3,1)=-5.2451332099e-001; w1(3,1)=-1.0961594397e+000; w1(3,2)=-1.1338155580e+000; w1(3,3)=4.5708723300e-001; w1(3,4)=1.7561572634e-001; 
w10(4,1)=-4.1327365746e-001; w1(4,1)=8.0831296389e-002; w1(4,2)=-1.1053896129e-001; w1(4,3)=-5.2043581158e-001; w1(4,4)=2.5227587153e-001; 
w10(5,1)=-1.1580840094e+000; w1(5,1)=8.7085604038e-002; w1(5,2)=3.0372054562e-001; w1(5,3)=-1.8478674468e-001; w1(5,4)=-8.6446630562e-001; 
w10(6,1)=3.1168429851e-001; w1(6,1)=1.1280030239e+000; w1(6,2)=1.1853935572e+000; w1(6,3)=2.4901678365e-001; w1(6,4)=-2.5622679652e-001; 
w20=-3.6119680083e-001; w2(1)=-5.2775104227e-001; w2(2)=1.0744459456e+000; w2(3)=1.8986720980e-002; w2(4)=-1.6363909923e+000; w2(5)=-2.8666493942e-001; w2(6)=3.9296508236e-002; 

