
%liczba neuronów ukrytych: 5, liczba wejœæ sieci: 4
%wejœcie 1: u(k-3)
%wejœcie 2: u(k-4)
%wejœcie 3: y(k-1)
%wejœcie 4: y(k-2)
%uczenie w trybie OE
w10(1,1)=-3.5627221817e-001; w1(1,1)=-9.9530218774e-001; w1(1,2)=1.6414556878e+000; w1(1,3)=4.6279275855e-001; w1(1,4)=-3.2000389969e-001; 
w10(2,1)=4.7210793423e-001; w1(2,1)=3.5467798378e-002; w1(2,2)=-7.9240504638e-003; w1(2,3)=-3.2282036315e-001; w1(2,4)=1.6255368372e-002; 
w10(3,1)=-2.7888214190e-001; w1(3,1)=-5.6600477740e-001; w1(3,2)=4.9548915261e-001; w1(3,3)=3.7803583535e-001; w1(3,4)=-5.8549701141e-001; 
w10(4,1)=-3.9232582193e-002; w1(4,1)=-5.7969550436e-002; w1(4,2)=1.9376816272e+000; w1(4,3)=-1.9399170111e-001; w1(4,4)=1.7706992409e-001; 
w10(5,1)=-7.2635857909e-001; w1(5,1)=1.9207352924e-001; w1(5,2)=-4.8482004031e-002; w1(5,3)=-1.1370646844e+000; w1(5,4)=7.5391679685e-001; 
w20=-4.1479870912e-003; w2(1)=2.2758116191e-001; w2(2)=-1.9603902886e+000; w2(3)=-7.2991158870e-001; w2(4)=-7.3122414011e-002; w2(5)=-1.1971134471e+000; 

