
%liczba neuronów ukrytych: 10, liczba wejœæ sieci: 4
%wejœcie 1: u(k-3)
%wejœcie 2: u(k-4)
%wejœcie 3: y(k-1)
%wejœcie 4: y(k-2)
%uczenie w trybie OE
w10(1,1)=5.0725194304e-001; w1(1,1)=9.4816705349e-002; w1(1,2)=-2.2767394493e-001; w1(1,3)=7.7576103174e-001; w1(1,4)=-2.1403558781e-001; 
w10(2,1)=2.0576490559e-001; w1(2,1)=-1.0249769834e+000; w1(2,2)=-1.3423137567e+000; w1(2,3)=-4.9232794673e-001; w1(2,4)=-3.2013402013e-001; 
w10(3,1)=-6.7665492985e-001; w1(3,1)=-1.9482605550e-001; w1(3,2)=6.8552440814e-002; w1(3,3)=4.6123799131e-001; w1(3,4)=6.9359969237e-001; 
w10(4,1)=-4.8553360329e-001; w1(4,1)=2.6678174700e-001; w1(4,2)=-3.9793521132e-001; w1(4,3)=-4.1857216464e-001; w1(4,4)=-1.2855651610e-001; 
w10(5,1)=7.6080553266e-002; w1(5,1)=1.0341481480e+000; w1(5,2)=1.0352893392e+000; w1(5,3)=9.7540874591e-002; w1(5,4)=-2.0523120491e-001; 
w10(6,1)=-9.4920716747e-001; w1(6,1)=8.1323911603e-001; w1(6,2)=-1.0325128827e+000; w1(6,3)=7.0694099289e-001; w1(6,4)=-2.0006679083e+000; 
w10(7,1)=-4.2849946007e-001; w1(7,1)=-3.3818894079e-001; w1(7,2)=3.5122928612e-002; w1(7,3)=2.4219065776e-001; w1(7,4)=1.4167615270e+000; 
w10(8,1)=2.3402375709e-001; w1(8,1)=-1.5454410994e-001; w1(8,2)=3.8177694003e-002; w1(8,3)=1.7058314261e-001; w1(8,4)=-3.6079319517e-001; 
w10(9,1)=-1.1806789529e+000; w1(9,1)=4.1796921088e-001; w1(9,2)=1.0576201063e+000; w1(9,3)=3.6043473922e-001; w1(9,4)=1.2245222196e+000; 
w10(10,1)=-4.6650442016e-001; w1(10,1)=4.5181948969e-001; w1(10,2)=-6.4260361870e-002; w1(10,3)=4.4674832161e-001; w1(10,4)=-6.7827770938e-001; 
w20=-4.9000879006e-001; w2(1)=1.0650365321e+000; w2(2)=3.1511342116e-003; w2(3)=5.2867122949e-001; w2(4)=-8.4680826946e-001; w2(5)=5.0531909197e-002; w2(6)=8.7212144339e-002; w2(7)=-1.2188015067e-001; w2(8)=1.0719654765e-001; w2(9)=-1.3721218522e-002; w2(10)=2.3782870316e-001; 

