
%liczba neuronów ukrytych: 2, liczba wejœæ sieci: 4
%wejœcie 1: u(k-3)
%wejœcie 2: u(k-4)
%wejœcie 3: y(k-1)
%wejœcie 4: y(k-2)
%uczenie w trybie OE
w10(1,1)=5.6839099976e-001; w1(1,1)=2.4677998174e-001; w1(1,2)=4.5271240065e-001; w1(1,3)=6.7252783547e+000; w1(1,4)=-5.1445610762e+000; 
w10(2,1)=3.2279800502e-001; w1(2,1)=1.7577875681e-002; w1(2,2)=5.6018787701e-002; w1(2,3)=1.7894569319e+000; w1(2,4)=-9.7857488568e-001; 
w20=-3.8757355199e-001; w2(1)=-5.4562326971e-001; w2(2)=2.1451180479e+000; 

