
%liczba neuronów ukrytych: 8, liczba wejœæ sieci: 4
%wejœcie 1: u(k-3)
%wejœcie 2: u(k-4)
%wejœcie 3: y(k-1)
%wejœcie 4: y(k-2)
%uczenie w trybie OE
w10(1,1)=-7.6887303677e-001; w1(1,1)=2.1484680039e-001; w1(1,2)=-2.0652033596e-001; w1(1,3)=6.3981121449e-001; w1(1,4)=1.3923002693e-001; 
w10(2,1)=9.1832483340e-002; w1(2,1)=6.8444256489e-001; w1(2,2)=-1.0831253126e+000; w1(2,3)=6.0871167059e-001; w1(2,4)=3.3834232208e-001; 
w10(3,1)=-9.9251800529e-002; w1(3,1)=1.0239071848e-001; w1(3,2)=-2.0465813288e-001; w1(3,3)=-1.0703979846e+000; w1(3,4)=5.1492936130e-001; 
w10(4,1)=1.1593244404e+000; w1(4,1)=2.7553990750e-001; w1(4,2)=-3.2432495082e-001; w1(4,3)=4.9175723275e-001; w1(4,4)=3.4766083273e-001; 
w10(5,1)=1.6257725461e-001; w1(5,1)=-7.8776530127e-001; w1(5,2)=-4.4288756017e-001; w1(5,3)=-2.4498331911e-001; w1(5,4)=1.7278249437e-002; 
w10(6,1)=6.6801575525e-001; w1(6,1)=-4.9286281233e-001; w1(6,2)=2.3691166912e+000; w1(6,3)=1.1655129396e+000; w1(6,4)=-1.6130087758e+000; 
w10(7,1)=-3.0456362101e-002; w1(7,1)=1.1923766077e+000; w1(7,2)=1.9096953345e-001; w1(7,3)=-1.4069009034e-001; w1(7,4)=2.9377132161e-001; 
w10(8,1)=-6.5251451214e-001; w1(8,1)=1.0980260763e-001; w1(8,2)=-3.4692835860e-002; w1(8,3)=-9.3482252031e-001; w1(8,4)=5.0483525245e-001; 
w20=-3.0625191578e-001; w2(1)=7.2714659058e-001; w2(2)=8.9719666020e-002; w2(3)=-4.2342621491e-001; w2(4)=4.3326220972e-001; w2(5)=-1.8179588512e-001; w2(6)=2.9868457926e-002; w2(7)=-2.2634983419e-001; w2(8)=-6.5481904056e-001; 

