
%liczba neuronów ukrytych: 10, liczba wejœæ sieci: 4
%wejœcie 1: u(k-3)
%wejœcie 2: u(k-4)
%wejœcie 3: y(k-1)
%wejœcie 4: y(k-2)
%uczenie w trybie OE
w10(1,1)=-1.1025614590e+000; w1(1,1)=3.5264108578e-001; w1(1,2)=-4.5832927070e-001; w1(1,3)=4.5243167086e-002; w1(1,4)=-5.8446329982e-001; 
w10(2,1)=9.4914515770e-001; w1(2,1)=5.0920397614e-001; w1(2,2)=-5.7563183692e-001; w1(2,3)=-2.9950717654e-001; w1(2,4)=-6.0381874010e-001; 
w10(3,1)=3.2312964156e-001; w1(3,1)=-1.9292819153e+000; w1(3,2)=4.5948359848e-001; w1(3,3)=2.0493160628e-001; w1(3,4)=3.5279365812e-001; 
w10(4,1)=1.5600304738e-001; w1(4,1)=-1.2479884214e-001; w1(4,2)=-2.1875853005e-001; w1(4,3)=-5.5797716349e-001; w1(4,4)=6.2513764942e-003; 
w10(5,1)=4.6420334599e-001; w1(5,1)=1.0402870478e+000; w1(5,2)=8.2589964723e-001; w1(5,3)=4.0375448187e-002; w1(5,4)=-2.0379153043e-001; 
w10(6,1)=4.9943509306e-001; w1(6,1)=7.7322578025e-002; w1(6,2)=1.3231118543e+000; w1(6,3)=-6.0929571991e-001; w1(6,4)=4.8710529960e-001; 
w10(7,1)=-3.2718624002e-001; w1(7,1)=1.3794043388e-001; w1(7,2)=-2.2578834009e-001; w1(7,3)=-6.9675134920e-001; w1(7,4)=3.2887219763e-001; 
w10(8,1)=-7.4032176307e-002; w1(8,1)=6.0482055342e-001; w1(8,2)=-7.9342376484e-001; w1(8,3)=8.8061973970e-001; w1(8,4)=-4.5988858019e-001; 
w10(9,1)=4.2488130558e-001; w1(9,1)=2.3058690542e-001; w1(9,2)=-1.6416250157e+000; w1(9,3)=4.3007905095e-001; w1(9,4)=-3.5547932165e-001; 
w10(10,1)=-4.8734565113e-001; w1(10,1)=9.2808792398e-002; w1(10,2)=1.2394642847e+000; w1(10,3)=-4.5734167048e-001; w1(10,4)=5.5464974710e-001; 
w20=-4.6806841357e-001; w2(1)=-6.0686902264e-001; w2(2)=-3.2164684183e-001; w2(3)=3.6767501234e-002; w2(4)=-2.7764314485e-001; w2(5)=6.9355231341e-002; w2(6)=-1.0013848326e-001; w2(7)=-9.4856050440e-001; w2(8)=6.6457236864e-001; w2(9)=-3.7924929696e-001; w2(10)=-3.7302142147e-001; 

