
%liczba neuronów ukrytych: 5, liczba wejœæ sieci: 4
%wejœcie 1: u(k-3)
%wejœcie 2: u(k-4)
%wejœcie 3: y(k-1)
%wejœcie 4: y(k-2)
%uczenie w trybie OE
w10(1,1)=-2.3327084506e-001; w1(1,1)=1.3095328740e-001; w1(1,2)=-9.5640692296e-002; w1(1,3)=-7.3383883079e-001; w1(1,4)=4.9249197678e-001; 
w10(2,1)=1.0491304780e+000; w1(2,1)=-1.7744127639e-001; w1(2,2)=1.4883245814e-001; w1(2,3)=6.4628400318e-001; w1(2,4)=-9.5484365952e-001; 
w10(3,1)=1.2967412826e-001; w1(3,1)=-2.7479676433e-001; w1(3,2)=1.7752540605e-001; w1(3,3)=5.8746667149e-001; w1(3,4)=-5.3361779071e-001; 
w10(4,1)=3.8111646057e-001; w1(4,1)=6.9309147995e-002; w1(4,2)=-4.8903558004e-002; w1(4,3)=2.5073809330e-001; w1(4,4)=-6.8935645548e-003; 
w10(5,1)=-1.1661304039e-001; w1(5,1)=6.5702856585e-001; w1(5,2)=1.6420579678e+000; w1(5,3)=6.3275784564e-001; w1(5,4)=-5.1192423016e-001; 
w20=-3.2884493239e-003; w2(1)=-1.8723848010e+000; w2(2)=-1.3318402836e+000; w2(3)=-1.4251667138e-001; w2(4)=1.7283481735e+000; w2(5)=-4.3570512666e-002; 

