
%liczba neuronów ukrytych: 2, liczba wejœæ sieci: 4
%wejœcie 1: u(k-3)
%wejœcie 2: u(k-4)
%wejœcie 3: y(k-1)
%wejœcie 4: y(k-2)
%uczenie w trybie OE
w10(1,1)=-2.1260461372e-001; w1(1,1)=-8.8553283065e-002; w1(1,2)=2.2547959889e-001; w1(1,3)=7.7472034614e-001; w1(1,4)=-1.3178906184e+000; 
w10(2,1)=-2.7145455638e-001; w1(2,1)=-9.7822957261e-001; w1(2,2)=1.4180937199e+000; w1(2,3)=1.5398898318e+001; w1(2,4)=-1.4889937961e+001; 
w20=-2.9386675122e-001; w2(1)=-1.6045241181e+000; w2(2)=1.5137459050e-001; 

