
%liczba neuronów ukrytych: 8, liczba wejœæ sieci: 4
%wejœcie 1: u(k-3)
%wejœcie 2: u(k-4)
%wejœcie 3: y(k-1)
%wejœcie 4: y(k-2)
%uczenie w trybie OE
w10(1,1)=1.3241450455e-002; w1(1,1)=2.2361059607e-001; w1(1,2)=-6.7630112738e-002; w1(1,3)=-3.1818560694e-001; w1(1,4)=6.6568380307e-001; 
w10(2,1)=8.9437945162e-001; w1(2,1)=-3.5389115229e-001; w1(2,2)=6.1814291664e-001; w1(2,3)=1.0397413749e+000; w1(2,4)=-3.5055649797e-001; 
w10(3,1)=-8.0606846419e-001; w1(3,1)=-1.9038971617e-001; w1(3,2)=4.7527724537e-001; w1(3,3)=7.2819358513e-001; w1(3,4)=-6.9073205020e-002; 
w10(4,1)=2.6157740764e-001; w1(4,1)=-2.4265186209e-001; w1(4,2)=2.8677242480e-001; w1(4,3)=1.7276668073e-001; w1(4,4)=-2.9121008198e-001; 
w10(5,1)=8.9850183159e-002; w1(5,1)=4.8338617768e-001; w1(5,2)=1.4639397380e+000; w1(5,3)=1.3489015809e-001; w1(5,4)=-1.8653359168e-001; 
w10(6,1)=-1.9333405070e-001; w1(6,1)=9.6166018031e-003; w1(6,2)=6.2907587166e-002; w1(6,3)=-8.2902639266e-001; w1(6,4)=5.2707151816e-001; 
w10(7,1)=3.4210590026e-001; w1(7,1)=2.2458675933e-001; w1(7,2)=1.3729706264e+000; w1(7,3)=4.5733534178e-001; w1(7,4)=-7.7941641153e-001; 
w10(8,1)=-6.2134925619e-002; w1(8,1)=-7.4346926882e-002; w1(8,2)=-2.8065512332e-001; w1(8,3)=3.6127108745e-001; w1(8,4)=-2.7353018235e-001; 
w20=1.1502568180e-001; w2(1)=3.7596565335e-001; w2(2)=5.4320450357e-001; w2(3)=7.3025397273e-001; w2(4)=-6.6397838398e-001; w2(5)=-8.5097272480e-002; w2(6)=-8.7510035414e-001; w2(7)=7.7669838733e-002; w2(8)=5.7323024649e-001; 

