
%liczba neuronów ukrytych: 4, liczba wejœæ sieci: 4
%wejœcie 1: u(k-3)
%wejœcie 2: u(k-4)
%wejœcie 3: y(k-1)
%wejœcie 4: y(k-2)
%uczenie w trybie OE
w10(1,1)=-8.1380502115e-002; w1(1,1)=1.7544305600e+000; w1(1,2)=-1.7841551644e+000; w1(1,3)=-1.9125760614e+000; w1(1,4)=1.4619224629e+000; 
w10(2,1)=-1.6982008812e+000; w1(2,1)=1.1510085684e+000; w1(2,2)=6.1478864207e-001; w1(2,3)=-9.2770608246e-001; w1(2,4)=7.7445648338e-001; 
w10(3,1)=1.4559451586e+000; w1(3,1)=-7.3101657994e-001; w1(3,2)=-7.7042044465e-001; w1(3,3)=-1.9186243971e-001; w1(3,4)=3.6690125443e-001; 
w10(4,1)=8.8528777151e-002; w1(4,1)=-2.0889434636e-002; w1(4,2)=1.9133987996e-002; w1(4,3)=-4.0244616243e-001; w1(4,4)=1.1954925791e-001; 
w20=1.6558348205e-001; w2(1)=-5.0761256965e-002; w2(2)=6.8225972471e-001; w2(3)=8.4234377024e-001; w2(4)=-3.2468860969e+000; 

