
%liczba neuronów ukrytych: 1, liczba wejœæ sieci: 4
%wejœcie 1: u(k-3)
%wejœcie 2: u(k-4)
%wejœcie 3: y(k-1)
%wejœcie 4: y(k-2)
%uczenie w trybie OE
w10(1,1)=2.0607558459e-001; w1(1,1)=1.1797683537e-002; w1(1,2)=7.5672463658e-002; w1(1,3)=6.3335513447e-002; w1(1,4)=4.2961131029e-001; 
w20=-3.8018943475e-001; w2(1)=1.8875827021e+000; 

