
%liczba neuronów ukrytych: 6, liczba wejœæ sieci: 4
%wejœcie 1: u(k-3)
%wejœcie 2: u(k-4)
%wejœcie 3: y(k-1)
%wejœcie 4: y(k-2)
%uczenie w trybie OE
w10(1,1)=5.3143249464e-001; w1(1,1)=-5.5655470206e-001; w1(1,2)=8.0598367108e-001; w1(1,3)=7.1768999055e-001; w1(1,4)=-1.5516144802e+000; 
w10(2,1)=1.3913935643e+000; w1(2,1)=1.9262347276e-002; w1(2,2)=2.4172648219e-002; w1(2,3)=8.6489574033e-001; w1(2,4)=-2.3086333326e-001; 
w10(3,1)=-1.4856611616e-001; w1(3,1)=-1.6182396342e-001; w1(3,2)=1.8146786948e-001; w1(3,3)=9.0721491447e-001; w1(3,4)=-4.8199093570e-001; 
w10(4,1)=5.1777477730e-001; w1(4,1)=3.9359652915e-001; w1(4,2)=-5.0139929413e-001; w1(4,3)=8.6465156793e-001; w1(4,4)=-2.2441688893e-001; 
w10(5,1)=-2.3098274239e-001; w1(5,1)=-9.6246345651e-001; w1(5,2)=-1.1174950576e+000; w1(5,3)=-7.7604913082e-001; w1(5,4)=7.0844703091e-001; 
w10(6,1)=-3.0935296670e-001; w1(6,1)=7.9292301786e-001; w1(6,2)=-1.2799485821e+000; w1(6,3)=5.2674108981e-001; w1(6,4)=6.0352730778e-001; 
w20=-4.0626907749e-001; w2(1)=-6.0802357350e-001; w2(2)=7.3269479377e-001; w2(3)=1.3372304083e+000; w2(4)=3.2969351243e-001; w2(5)=-5.5499862280e-002; w2(6)=-2.7482801400e-001; 

