
%liczba neuronów ukrytych: 10, liczba wejœæ sieci: 4
%wejœcie 1: u(k-3)
%wejœcie 2: u(k-4)
%wejœcie 3: y(k-1)
%wejœcie 4: y(k-2)
%uczenie w trybie ARX
w10(1,1)=1.3238031359e-001; w1(1,1)=2.8130626146e-001; w1(1,2)=-2.2200755423e-001; w1(1,3)=3.6337884205e-001; w1(1,4)=3.0311156047e-001; 
w10(2,1)=3.0756215886e-001; w1(2,1)=8.0678731236e-001; w1(2,2)=6.1049076032e-001; w1(2,3)=2.6878386173e-001; w1(2,4)=-2.0033288400e-001; 
w10(3,1)=5.9760335916e-001; w1(3,1)=4.7924567613e-001; w1(3,2)=4.8683297335e-001; w1(3,3)=-3.9870503675e-001; w1(3,4)=3.1905924790e-001; 
w10(4,1)=2.4472394932e-001; w1(4,1)=5.7270003868e-003; w1(4,2)=-1.4503368927e-002; w1(4,3)=3.4345676726e-001; w1(4,4)=-1.6758968819e-003; 
w10(5,1)=-1.4810522095e-001; w1(5,1)=3.6276445455e-002; w1(5,2)=3.1104854422e-003; w1(5,3)=4.9972919181e-001; w1(5,4)=-1.5516278856e-001; 
w10(6,1)=1.7888143860e-001; w1(6,1)=-1.0741259613e-003; w1(6,2)=-3.4387886142e-002; w1(6,3)=-3.7906499281e-001; w1(6,4)=1.8183163549e-002; 
w10(7,1)=-4.8009469469e-001; w1(7,1)=-4.2835350877e-002; w1(7,2)=1.4248504828e-001; w1(7,3)=-3.1110242788e-001; w1(7,4)=8.9819450317e-003; 
w10(8,1)=8.5749977775e-001; w1(8,1)=2.3367903412e-001; w1(8,2)=2.7853386919e-001; w1(8,3)=3.5736903717e-001; w1(8,4)=-1.6546295083e-001; 
w10(9,1)=2.4408701013e-001; w1(9,1)=3.3400646094e-002; w1(9,2)=1.1332649720e-001; w1(9,3)=3.2189961642e-001; w1(9,4)=-2.0990752884e-001; 
w10(10,1)=2.1715824810e-001; w1(10,1)=-2.3981938844e-002; w1(10,2)=2.8360553852e-002; w1(10,3)=-4.7149229748e-001; w1(10,4)=1.1944117323e-001; 
w20=-3.7144726141e-001; w2(1)=-3.7265358090e-001; w2(2)=1.3487116451e-001; w2(3)=-3.7598350889e-001; w2(4)=7.2609685583e-001; w2(5)=8.6260472029e-001; w2(6)=-3.4574960964e-001; w2(7)=-6.6554507719e-001; w2(8)=6.7174302043e-001; w2(9)=8.0238883215e-002; w2(10)=-8.7811486657e-001; 

