
%liczba neuronów ukrytych: 4, liczba wejœæ sieci: 4
%wejœcie 1: u(k-3)
%wejœcie 2: u(k-4)
%wejœcie 3: y(k-1)
%wejœcie 4: y(k-2)
%uczenie w trybie OE
w10(1,1)=2.1060956063e-001; w1(1,1)=-3.1051061389e-001; w1(1,2)=-8.7710901581e-001; w1(1,3)=6.8335458917e-001; w1(1,4)=-2.3478077613e-001; 
w10(2,1)=-1.7150279684e-001; w1(2,1)=-6.8468280132e-002; w1(2,2)=9.3659942101e-002; w1(2,3)=-3.0926846045e-001; w1(2,4)=-1.2205771877e-002; 
w10(3,1)=8.2468886965e-001; w1(3,1)=2.9326932984e-001; w1(3,2)=-4.9973405420e-001; w1(3,3)=-7.2633970113e-002; w1(3,4)=-3.0350289181e-001; 
w10(4,1)=2.3992830977e-001; w1(4,1)=-2.8053314830e-001; w1(4,2)=-1.1085817428e+000; w1(4,3)=-1.6425424133e+000; w1(4,4)=2.2297620027e+000; 
w20=1.3677726705e-001; w2(1)=3.5729053950e-001; w2(2)=-2.3921660293e+000; w2(3)=-8.3527326103e-001; w2(4)=-2.1693962851e-001; 

