
%liczba neuronów ukrytych: 7, liczba wejœæ sieci: 4
%wejœcie 1: u(k-3)
%wejœcie 2: u(k-4)
%wejœcie 3: y(k-1)
%wejœcie 4: y(k-2)
%uczenie w trybie OE
w10(1,1)=1.6982726356e-001; w1(1,1)=1.1702725672e+000; w1(1,2)=5.1179494945e+000; w1(1,3)=-1.0278662325e+000; w1(1,4)=2.3505864544e+000; 
w10(2,1)=1.2342963390e+000; w1(2,1)=1.7733166184e+000; w1(2,2)=-7.9931003353e-001; w1(2,3)=-1.4434657248e-001; w1(2,4)=1.2672318520e+000; 
w10(3,1)=3.3133748601e-001; w1(3,1)=-2.1244838915e-001; w1(3,2)=-6.3506537780e-001; w1(3,3)=4.3696319806e-001; w1(3,4)=-1.1065133652e-001; 
w10(4,1)=-1.5866348920e+000; w1(4,1)=3.5932496350e-001; w1(4,2)=6.0456610877e-001; w1(4,3)=5.0598276456e-001; w1(4,4)=9.2192836368e-001; 
w10(5,1)=-2.4850050285e+000; w1(5,1)=6.9299451883e-001; w1(5,2)=-6.7407863999e-001; w1(5,3)=-4.2958376054e-001; w1(5,4)=-1.3343199892e+000; 
w10(6,1)=-9.4757170453e-001; w1(6,1)=-4.8291749628e-002; w1(6,2)=2.0684826929e-002; w1(6,3)=8.3412492984e-001; w1(6,4)=1.1880920742e-001; 
w10(7,1)=4.8708690688e-001; w1(7,1)=9.8582019197e-002; w1(7,2)=3.4931521233e-002; w1(7,3)=1.4260175115e+000; w1(7,4)=-5.1897367690e-001; 
w20=1.2453212456e-002; w2(1)=-6.9620741885e-003; w2(2)=-2.6561862233e-002; w2(3)=2.1378441146e-001; w2(4)=1.4063376071e-001; w2(5)=-1.9102354325e-001; w2(6)=6.3971724594e-001; w2(7)=7.8712776666e-001; 

