
%liczba neuronów ukrytych: 7, liczba wejœæ sieci: 4
%wejœcie 1: u(k-3)
%wejœcie 2: u(k-4)
%wejœcie 3: y(k-1)
%wejœcie 4: y(k-2)
%uczenie w trybie OE
w10(1,1)=-1.0576999267e+000; w1(1,1)=-3.0353597043e-001; w1(1,2)=2.7410494954e-001; w1(1,3)=-4.2216462074e-001; w1(1,4)=-3.8164833726e-001; 
w10(2,1)=-5.3861825134e-001; w1(2,1)=-1.0780794285e+000; w1(2,2)=1.8284695230e+000; w1(2,3)=1.3073745985e+000; w1(2,4)=-1.0468272367e+000; 
w10(3,1)=5.0185890001e-002; w1(3,1)=8.3221316072e-001; w1(3,2)=7.9110017618e-001; w1(3,3)=3.0005294758e-001; w1(3,4)=3.9426020491e-001; 
w10(4,1)=7.9414258946e-003; w1(4,1)=-7.4602329580e-001; w1(4,2)=8.7316576342e-002; w1(4,3)=1.1852385429e+000; w1(4,4)=-8.7086637664e-001; 
w10(5,1)=8.0279912742e-002; w1(5,1)=8.1294439337e-001; w1(5,2)=3.0567371388e-001; w1(5,3)=8.9534314539e-002; w1(5,4)=-4.1028284350e-001; 
w10(6,1)=-4.0131667202e-001; w1(6,1)=2.1327069422e-001; w1(6,2)=-1.0246627541e-001; w1(6,3)=6.3708745328e-001; w1(6,4)=5.5730947634e-002; 
w10(7,1)=-1.8591767929e-002; w1(7,1)=-6.4145561078e-001; w1(7,2)=-1.0579199483e+000; w1(7,3)=-7.2209051787e-002; w1(7,4)=7.0329243717e-002; 
w20=-1.3792311484e-001; w2(1)=-6.9868276952e-001; w2(2)=6.3560517647e-002; w2(3)=2.6850302507e-003; w2(4)=6.2503822424e-001; w2(5)=2.9356499985e-001; w2(6)=1.0666244465e+000; w2(7)=7.4868708261e-002; 

