
%liczba neuronów ukrytych: 7, liczba wejœæ sieci: 4
%wejœcie 1: u(k-3)
%wejœcie 2: u(k-4)
%wejœcie 3: y(k-1)
%wejœcie 4: y(k-2)
%uczenie w trybie OE
w10(1,1)=2.1731499546e-001; w1(1,1)=5.5088308621e-002; w1(1,2)=-1.1342940312e-001; w1(1,3)=-6.0361822050e-001; w1(1,4)=3.0924208725e-001; 
w10(2,1)=-7.7203294694e-001; w1(2,1)=-2.4053612593e-001; w1(2,2)=-5.4733232645e-001; w1(2,3)=3.0267672642e-001; w1(2,4)=-9.6364838945e-002; 
w10(3,1)=7.9271326471e-001; w1(3,1)=2.7822863095e-001; w1(3,2)=7.7155059972e-001; w1(3,3)=-9.9977185712e-002; w1(3,4)=2.1435707332e-001; 
w10(4,1)=-1.0002436662e+000; w1(4,1)=1.3008432494e-001; w1(4,2)=-8.9636701286e-002; w1(4,3)=2.4833885988e-001; w1(4,4)=6.9540872365e-001; 
w10(5,1)=-2.1666992274e-001; w1(5,1)=-1.2851631029e+000; w1(5,2)=1.5018665078e-001; w1(5,3)=3.1720069158e-002; w1(5,4)=1.0489805925e+000; 
w10(6,1)=5.9807222079e-001; w1(6,1)=9.0951220640e-002; w1(6,2)=-1.9670128416e-001; w1(6,3)=5.3545812888e-001; w1(6,4)=-6.1210488301e-002; 
w10(7,1)=-1.2547440973e+000; w1(7,1)=-5.3513276683e-001; w1(7,2)=-1.3188187265e+000; w1(7,3)=3.5442181568e-001; w1(7,4)=-5.4300676693e-001; 
w20=3.6169004918e-002; w2(1)=-1.4272884355e+000; w2(2)=6.6749280750e-001; w2(3)=7.5357460933e-001; w2(4)=2.6959132302e-001; w2(5)=-2.2207222046e-002; w2(6)=1.0149892137e+000; w2(7)=1.6312893676e-001; 

