
%liczba neuronów ukrytych: 5, liczba wejœæ sieci: 4
%wejœcie 1: u(k-3)
%wejœcie 2: u(k-4)
%wejœcie 3: y(k-1)
%wejœcie 4: y(k-2)
%uczenie w trybie OE
w10(1,1)=7.5570558089e-001; w1(1,1)=9.9717743857e-002; w1(1,2)=-5.6971355423e-002; w1(1,3)=7.3020577647e-001; w1(1,4)=-9.7425347304e-002; 
w10(2,1)=6.8108285054e-001; w1(2,1)=-1.6912480258e-001; w1(2,2)=8.5166538248e-002; w1(2,3)=-7.0804481516e-001; w1(2,4)=-2.4500573553e-002; 
w10(3,1)=-9.2695017086e-001; w1(3,1)=1.6388215289e+000; w1(3,2)=-1.8818538676e-001; w1(3,3)=2.4701408059e-001; w1(3,4)=1.2454450571e-001; 
w10(4,1)=2.7108584806e-001; w1(4,1)=-7.8592274028e-001; w1(4,2)=3.1526213393e-001; w1(4,3)=1.4737721241e+000; w1(4,4)=-1.3388989727e+000; 
w10(5,1)=-2.7879589425e-001; w1(5,1)=3.3564856433e-001; w1(5,2)=2.1049677587e+000; w1(5,3)=-1.4229391276e+000; w1(5,4)=8.5202783882e-001; 
w20=-2.5887299787e-001; w2(1)=1.1913231810e+000; w2(2)=-9.5278337694e-001; w2(3)=4.4273399978e-002; w2(4)=3.4233922950e-001; w2(5)=-1.5569451832e-002; 

