
%liczba neuronów ukrytych: 10, liczba wejœæ sieci: 4
%wejœcie 1: u(k-3)
%wejœcie 2: u(k-4)
%wejœcie 3: y(k-1)
%wejœcie 4: y(k-2)
%uczenie w trybie ARX
w10(1,1)=-4.1328035902e-001; w1(1,1)=1.0060310004e-003; w1(1,2)=6.0582178549e-002; w1(1,3)=1.6233693106e-001; w1(1,4)=2.8771452900e-001; 
w10(2,1)=-1.9123223576e-001; w1(2,1)=5.4632817584e-002; w1(2,2)=-4.2582616765e-002; w1(2,3)=-1.5897195775e-001; w1(2,4)=-1.4297969172e-001; 
w10(3,1)=7.5009364036e-002; w1(3,1)=1.3259776564e-001; w1(3,2)=1.0388931132e-001; w1(3,3)=-8.6272276132e-002; w1(3,4)=7.0765845125e-001; 
w10(4,1)=-2.0304630639e-001; w1(4,1)=3.5892368927e-001; w1(4,2)=2.6046678219e-001; w1(4,3)=1.9824371122e-001; w1(4,4)=1.2394425567e-001; 
w10(5,1)=-3.7626048737e-002; w1(5,1)=-8.7450250142e-002; w1(5,2)=1.1593450126e-001; w1(5,3)=2.8682979852e-001; w1(5,4)=6.0783854092e-003; 
w10(6,1)=6.0136223635e-002; w1(6,1)=-1.0746851702e-001; w1(6,2)=-1.6404231693e-001; w1(6,3)=-4.6965569047e-001; w1(6,4)=-1.8427362391e-001; 
w10(7,1)=-5.1080262864e-001; w1(7,1)=7.5842762649e-002; w1(7,2)=-7.6487705417e-003; w1(7,3)=-1.1131195472e-002; w1(7,4)=-3.6738936955e-001; 
w10(8,1)=3.6302667753e-001; w1(8,1)=1.6017203812e-001; w1(8,2)=1.4397524898e-001; w1(8,3)=-4.0770993271e-001; w1(8,4)=1.3557912078e-001; 
w10(9,1)=-8.8232326042e-002; w1(9,1)=-4.1066196968e-001; w1(9,2)=-1.0602635288e-001; w1(9,3)=-8.9607782197e-001; w1(9,4)=5.9146127749e-001; 
w10(10,1)=-7.9328293158e-002; w1(10,1)=5.5892003171e-001; w1(10,2)=-1.9493744395e-002; w1(10,3)=-7.6594916834e-002; w1(10,4)=-3.0225344200e-001; 
w20=8.7211230098e-003; w2(1)=5.4609260093e-001; w2(2)=-7.5513124018e-001; w2(3)=-5.3320494583e-001; w2(4)=-2.8403721629e-001; w2(5)=8.1572708427e-001; w2(6)=-2.0514122853e-001; w2(7)=-8.0927317529e-001; w2(8)=-9.6319862122e-001; w2(9)=-7.6220317187e-001; w2(10)=3.1114450202e-001; 

