
%liczba neuronów ukrytych: 5, liczba wejœæ sieci: 4
%wejœcie 1: u(k-3)
%wejœcie 2: u(k-4)
%wejœcie 3: y(k-1)
%wejœcie 4: y(k-2)
%uczenie w trybie OE
w10(1,1)=1.3260407216e-001; w1(1,1)=-3.8069581659e-001; w1(1,2)=9.6083476144e-001; w1(1,3)=1.8573143167e+000; w1(1,4)=-1.6308938788e+000; 
w10(2,1)=1.5917877354e-001; w1(2,1)=7.2553998727e-001; w1(2,2)=-7.3450946411e-001; w1(2,3)=5.6620114358e-001; w1(2,4)=-2.9792695271e-002; 
w10(3,1)=-1.0681333680e+000; w1(3,1)=3.7641671424e-001; w1(3,2)=-3.9938445628e-001; w1(3,3)=-1.6039236928e-001; w1(3,4)=-5.2755576843e-001; 
w10(4,1)=-2.0364424748e-001; w1(4,1)=5.1246997982e-001; w1(4,2)=-1.1421127279e+000; w1(4,3)=3.1655872258e-001; w1(4,4)=-3.9603287701e-001; 
w10(5,1)=6.7649869833e-001; w1(5,1)=3.8714157985e-001; w1(5,2)=-3.1071309970e-001; w1(5,3)=-1.0716091795e-001; w1(5,4)=-5.7959722587e-001; 
w20=-2.1219756119e-001; w2(1)=5.5185275500e-001; w2(2)=5.7361696757e-001; w2(3)=-7.6949405950e-001; w2(4)=3.5630430999e-001; w2(5)=-8.2557307230e-001; 

