
%liczba neuronów ukrytych: 9, liczba wejœæ sieci: 4
%wejœcie 1: u(k-3)
%wejœcie 2: u(k-4)
%wejœcie 3: y(k-1)
%wejœcie 4: y(k-2)
%uczenie w trybie OE
w10(1,1)=1.3050005909e-001; w1(1,1)=3.7957649828e-001; w1(1,2)=-3.2223430666e-001; w1(1,3)=1.3588416791e+000; w1(1,4)=-9.2650019259e-001; 
w10(2,1)=-7.7490055754e-001; w1(2,1)=-1.2277721427e+000; w1(2,2)=-5.5369246758e-001; w1(2,3)=-3.8282072102e-001; w1(2,4)=6.6165152966e-001; 
w10(3,1)=9.8527883484e-001; w1(3,1)=9.3824243090e-002; w1(3,2)=6.5349139978e-001; w1(3,3)=-8.6460607240e-001; w1(3,4)=2.9653540670e-001; 
w10(4,1)=-5.7530544057e-001; w1(4,1)=-1.8168168181e-001; w1(4,2)=-8.9257678850e-001; w1(4,3)=-1.4615278483e-001; w1(4,4)=-8.1969115030e-001; 
w10(5,1)=3.9699110370e-001; w1(5,1)=7.2947070973e-001; w1(5,2)=1.1273270599e+000; w1(5,3)=-2.3601731096e-001; w1(5,4)=8.6451398509e-002; 
w10(6,1)=-5.8454025781e-001; w1(6,1)=-2.4790284940e-001; w1(6,2)=4.8041219231e-001; w1(6,3)=-7.5622677901e-001; w1(6,4)=3.2346876708e-001; 
w10(7,1)=-1.2088165044e+000; w1(7,1)=-6.3601275271e-001; w1(7,2)=-5.5698789167e-001; w1(7,3)=8.6215020452e-002; w1(7,4)=-2.1275810449e-001; 
w10(8,1)=1.2993643064e+000; w1(8,1)=-4.1352645096e-001; w1(8,2)=7.2128485410e-001; w1(8,3)=9.3932955879e-002; w1(8,4)=6.2348893517e-001; 
w10(9,1)=5.7832951601e-001; w1(9,1)=1.8664037456e-001; w1(9,2)=-2.8926886728e-001; w1(9,3)=-5.6544551924e-001; w1(9,4)=4.8732630228e-002; 
w20=-3.8083800162e-002; w2(1)=3.0298375505e-001; w2(2)=6.1623897077e-002; w2(3)=-2.4895353664e-001; w2(4)=-4.5706752770e-002; w2(5)=8.8981729097e-002; w2(6)=-6.3935829491e-001; w2(7)=-7.0343996955e-002; w2(8)=4.4714134228e-001; w2(9)=-1.1713599350e+000; 

