
%liczba neuronów ukrytych: 7, liczba wejœæ sieci: 4
%wejœcie 1: u(k-3)
%wejœcie 2: u(k-4)
%wejœcie 3: y(k-1)
%wejœcie 4: y(k-2)
%uczenie w trybie OE
w10(1,1)=3.6682827432e-001; w1(1,1)=8.0272081995e-003; w1(1,2)=-1.7454264392e-002; w1(1,3)=8.2073118681e-001; w1(1,4)=-3.5204919258e-001; 
w10(2,1)=-1.0362518695e+000; w1(2,1)=6.4455971434e-001; w1(2,2)=5.9234771861e-001; w1(2,3)=-1.0685290021e+000; w1(2,4)=5.4502706721e-001; 
w10(3,1)=1.0502843026e-001; w1(3,1)=-1.7681925400e-001; w1(3,2)=-1.8259138495e+000; w1(3,3)=7.5851336799e-001; w1(3,4)=-5.7750187321e-001; 
w10(4,1)=8.3591957316e-001; w1(4,1)=-6.0395778638e-002; w1(4,2)=2.1608138862e-003; w1(4,3)=-7.3774562541e-001; w1(4,4)=-1.0261186444e-001; 
w10(5,1)=1.5297597057e+000; w1(5,1)=1.0486473613e-001; w1(5,2)=-7.4334626521e-002; w1(5,3)=-6.2264812949e-001; w1(5,4)=1.4310248801e+000; 
w10(6,1)=7.3849616453e-001; w1(6,1)=-1.7113140516e+000; w1(6,2)=-7.0305090941e-001; w1(6,3)=-5.1863297531e-001; w1(6,4)=-1.5476683895e-001; 
w10(7,1)=1.0530829377e+000; w1(7,1)=-4.4587948467e-001; w1(7,2)=-3.2765931657e-001; w1(7,3)=-7.0200351812e-001; w1(7,4)=2.1230699112e-001; 
w20=-4.3774137185e-001; w2(1)=1.7045520571e+000; w2(2)=8.2599060801e-002; w2(3)=-6.1488104015e-002; w2(4)=-6.3288567961e-001; w2(5)=2.1989057398e-001; w2(6)=1.7501630696e-002; w2(7)=1.6752903578e-001; 

