
%liczba neuronów ukrytych: 4, liczba wejœæ sieci: 4
%wejœcie 1: u(k-3)
%wejœcie 2: u(k-4)
%wejœcie 3: y(k-1)
%wejœcie 4: y(k-2)
%uczenie w trybie OE
w10(1,1)=6.7186004828e-002; w1(1,1)=1.1825232746e+000; w1(1,2)=8.1491470598e-001; w1(1,3)=1.7448233209e+000; w1(1,4)=-1.3189374605e+000; 
w10(2,1)=2.4311726130e-001; w1(2,1)=-5.1432252708e-001; w1(2,2)=8.7763697866e-002; w1(2,3)=1.3813540082e+000; w1(2,4)=-1.6643568207e+000; 
w10(3,1)=5.3051726111e-002; w1(3,1)=-3.1214020180e-002; w1(3,2)=-4.6009868703e-002; w1(3,3)=5.7770987480e-001; w1(3,4)=-2.5141025368e-001; 
w10(4,1)=3.8492389615e-001; w1(4,1)=2.7929364760e-001; w1(4,2)=1.3961814803e+000; w1(4,3)=2.0788894885e+000; w1(4,4)=-2.1195441033e+000; 
w20=-6.3442695579e-002; w2(1)=-1.6270177311e-001; w2(2)=-4.6816139877e-001; w2(3)=2.6418725649e+000; w2(4)=1.2654665372e-001; 

