
%liczba neuronów ukrytych: 2, liczba wejœæ sieci: 4
%wejœcie 1: u(k-3)
%wejœcie 2: u(k-4)
%wejœcie 3: y(k-1)
%wejœcie 4: y(k-2)
%uczenie w trybie OE
w10(1,1)=2.7287253109e-001; w1(1,1)=-1.2735532724e-002; w1(1,2)=5.4785419550e-002; w1(1,3)=3.4644995864e-001; w1(1,4)=1.8246097817e-001; 
w10(2,1)=-5.0858667266e-001; w1(2,1)=2.4283129118e+000; w1(2,2)=5.4339495221e+000; w1(2,3)=-1.2148485989e+001; w1(2,4)=8.7916523651e+000; 
w20=-4.6944306893e-001; w2(1)=1.8247221451e+000; w2(2)=3.9200368067e-002; 

