
%liczba neuronów ukrytych: 10, liczba wejœæ sieci: 4
%wejœcie 1: u(k-3)
%wejœcie 2: u(k-4)
%wejœcie 3: y(k-1)
%wejœcie 4: y(k-2)
%uczenie w trybie OE
w10(1,1)=1.0338573977e+000; w1(1,1)=1.4536481856e-001; w1(1,2)=-2.6388672906e-001; w1(1,3)=3.9876754205e-001; w1(1,4)=2.2456199751e-001; 
w10(2,1)=4.1513119603e-001; w1(2,1)=8.0497331049e-001; w1(2,2)=5.4653260995e-001; w1(2,3)=1.6684318181e-003; w1(2,4)=-4.4709455796e-001; 
w10(3,1)=8.9106540265e-002; w1(3,1)=6.0830174483e-001; w1(3,2)=7.4031931185e-001; w1(3,3)=-2.3309837240e-002; w1(3,4)=5.5623679562e-002; 
w10(4,1)=1.8133851281e-001; w1(4,1)=4.9120640407e-001; w1(4,2)=-4.1871639692e-001; w1(4,3)=1.0771190538e-001; w1(4,4)=1.0417515617e+000; 
w10(5,1)=-1.2069383982e-001; w1(5,1)=1.6938598300e+000; w1(5,2)=6.4809218486e-001; w1(5,3)=-2.0995975357e-002; w1(5,4)=7.9499804006e-001; 
w10(6,1)=-2.3867991543e-001; w1(6,1)=-2.2133820113e-002; w1(6,2)=-2.3300083695e-001; w1(6,3)=8.5988726419e-001; w1(6,4)=-3.0570547526e-001; 
w10(7,1)=2.2355586892e-001; w1(7,1)=2.3840654052e-001; w1(7,2)=-2.9972483598e-001; w1(7,3)=-7.7321238930e-001; w1(7,4)=4.0819827633e-001; 
w10(8,1)=-7.3938553047e-002; w1(8,1)=1.0604898421e+000; w1(8,2)=1.5019251928e+000; w1(8,3)=6.8402943775e-001; w1(8,4)=5.5293177263e-001; 
w10(9,1)=2.3854981383e-001; w1(9,1)=-3.7364289529e-001; w1(9,2)=2.0258200033e-001; w1(9,3)=-1.6606556127e-001; w1(9,4)=-3.0046490217e-001; 
w10(10,1)=6.3096284481e-002; w1(10,1)=-5.8979881800e-001; w1(10,2)=-8.9498783147e-001; w1(10,3)=-3.0051589655e-001; w1(10,4)=1.3622199545e-001; 
w20=9.3144101194e-003; w2(1)=6.1254124697e-001; w2(2)=1.2994634535e-001; w2(3)=-2.5511292502e-001; w2(4)=-6.7740284827e-002; w2(5)=-4.4488133935e-002; w2(6)=5.9215649710e-001; w2(7)=-9.3943196984e-001; w2(8)=2.3867584300e-002; w2(9)=-6.4664447925e-001; w2(10)=-1.1804526833e-001; 

