
%liczba neuronów ukrytych: 1, liczba wejœæ sieci: 4
%wejœcie 1: u(k-3)
%wejœcie 2: u(k-4)
%wejœcie 3: y(k-1)
%wejœcie 4: y(k-2)
%uczenie w trybie OE
w10(1,1)=-1.9315620133e-001; w1(1,1)=-4.5263093399e-002; w1(1,2)=1.3111623860e-001; w1(1,3)=-3.7457491614e-001; w1(1,4)=-1.8674482749e-001; 
w20=-3.1737516874e-001; w2(1)=-1.6797619019e+000; 

