
%liczba neuronów ukrytych: 2, liczba wejœæ sieci: 4
%wejœcie 1: u(k-3)
%wejœcie 2: u(k-4)
%wejœcie 3: y(k-1)
%wejœcie 4: y(k-2)
%uczenie w trybie OE
w10(1,1)=2.2119630794e-001; w1(1,1)=-1.1261910677e-001; w1(1,2)=-2.0559736106e-002; w1(1,3)=9.3852846675e-001; w1(1,4)=-1.0709998547e+000; 
w10(2,1)=1.2671498100e-001; w1(2,1)=-2.1602207977e-001; w1(2,2)=-1.2100349424e-001; w1(2,3)=2.3951029415e+000; w1(2,4)=-2.1987402808e+000; 
w20=6.7117401668e-001; w2(1)=-4.2560170801e+000; w2(2)=2.0220418288e+000; 

