
%liczba neuronów ukrytych: 5, liczba wejœæ sieci: 4
%wejœcie 1: u(k-3)
%wejœcie 2: u(k-4)
%wejœcie 3: y(k-1)
%wejœcie 4: y(k-2)
%uczenie w trybie OE
w10(1,1)=-2.0929726373e-001; w1(1,1)=-5.6506806703e-002; w1(1,2)=1.3963452809e-001; w1(1,3)=-5.6564094387e-001; w1(1,4)=2.9823425906e-001; 
w10(2,1)=1.8421561866e-001; w1(2,1)=-2.3264859843e-001; w1(2,2)=-1.3519431633e+000; w1(2,3)=-1.5829909289e+000; w1(2,4)=-6.0774803203e-001; 
w10(3,1)=1.6897561405e-001; w1(3,1)=-1.3957425283e-001; w1(3,2)=-1.4660086916e+000; w1(3,3)=-2.0168709380e+000; w1(3,4)=-1.8952028948e-001; 
w10(4,1)=-1.8713455072e-001; w1(4,1)=1.5991190706e+000; w1(4,2)=5.0362422477e-001; w1(4,3)=-1.3742064622e+000; w1(4,4)=1.3789011888e+000; 
w10(5,1)=-1.2057137861e-001; w1(5,1)=-1.0214200437e-001; w1(5,2)=2.8892359127e-001; w1(5,3)=6.0628816415e-002; w1(5,4)=3.3500856730e-001; 
w20=-3.1153927050e-001; w2(1)=-2.1542032203e+000; w2(2)=-9.5163979246e-001; w2(3)=9.7580751394e-001; w2(4)=-6.1141968367e-002; w2(5)=1.1184229741e+000; 

