
%liczba neuronów ukrytych: 4, liczba wejœæ sieci: 4
%wejœcie 1: u(k-3)
%wejœcie 2: u(k-4)
%wejœcie 3: y(k-1)
%wejœcie 4: y(k-2)
%uczenie w trybie OE
w10(1,1)=-3.5961160715e-001; w1(1,1)=1.3384059645e-001; w1(1,2)=-4.7004771354e-002; w1(1,3)=-2.7972257037e-001; w1(1,4)=4.3826826717e-001; 
w10(2,1)=-1.1961376861e-001; w1(2,1)=5.9825848201e-001; w1(2,2)=-3.3957731156e-001; w1(2,3)=-2.5700616244e+000; w1(2,4)=2.2683871388e+000; 
w10(3,1)=3.8545180965e-001; w1(3,1)=5.7875780252e-002; w1(3,2)=-6.7822681150e-002; w1(3,3)=-1.5047400815e-002; w1(3,4)=1.7482971246e-001; 
w10(4,1)=-2.2799958574e-003; w1(4,1)=1.0879038374e-001; w1(4,2)=9.1750340623e-001; w1(4,3)=-7.7053543200e-001; w1(4,4)=1.0002914511e+000; 
w20=1.2264352228e-001; w2(1)=3.0038192751e+000; w2(2)=-8.2765597248e-001; w2(3)=2.2176827984e+000; w2(4)=-7.6103043503e-002; 

