
%liczba neuronów ukrytych: 7, liczba wejœæ sieci: 4
%wejœcie 1: u(k-3)
%wejœcie 2: u(k-4)
%wejœcie 3: y(k-1)
%wejœcie 4: y(k-2)
%uczenie w trybie OE
w10(1,1)=1.9034148990e-001; w1(1,1)=-6.4409854772e-001; w1(1,2)=-1.1872170907e+000; w1(1,3)=3.7828987911e-002; w1(1,4)=6.7578564836e-002; 
w10(2,1)=4.5474739214e-001; w1(2,1)=-6.6340517831e-001; w1(2,2)=-1.3411853545e+000; w1(2,3)=2.6925081382e-001; w1(2,4)=-3.2011735594e-001; 
w10(3,1)=-1.5712447435e-001; w1(3,1)=-2.0061435107e-001; w1(3,2)=2.2828161305e-001; w1(3,3)=1.1109037908e+000; w1(3,4)=-3.3963968289e-001; 
w10(4,1)=3.0834400803e-002; w1(4,1)=6.4641230967e-001; w1(4,2)=1.2646790157e+000; w1(4,3)=5.1717456401e-002; w1(4,4)=-3.4990210040e-001; 
w10(5,1)=-1.1348507733e-001; w1(5,1)=2.2332056483e-001; w1(5,2)=-1.9700809828e-001; w1(5,3)=2.3287766599e-001; w1(5,4)=-6.1295462198e-001; 
w10(6,1)=-1.2343016118e+000; w1(6,1)=3.6645740878e-001; w1(6,2)=-4.8494114347e-001; w1(6,3)=1.0021681167e+000; w1(6,4)=8.2924142383e-002; 
w10(7,1)=-9.0995674150e-001; w1(7,1)=-7.3943198197e-002; w1(7,2)=6.9789611956e-002; w1(7,3)=-9.9343433023e-001; w1(7,4)=4.4119947376e-001; 
w20=-6.1128118054e-001; w2(1)=-3.1950769531e-001; w2(2)=1.5819581354e-001; w2(3)=4.8043702849e-001; w2(4)=-1.0470430013e-001; w2(5)=-2.2245990631e-001; w2(6)=4.2495071720e-001; w2(7)=-1.4083183941e+000; 

