
%liczba neuronów ukrytych: 3, liczba wejœæ sieci: 4
%wejœcie 1: u(k-3)
%wejœcie 2: u(k-4)
%wejœcie 3: y(k-1)
%wejœcie 4: y(k-2)
%uczenie w trybie OE
w10(1,1)=2.7534561559e-001; w1(1,1)=-8.7982485319e-002; w1(1,2)=1.4542824542e-002; w1(1,3)=1.1204235041e+000; w1(1,4)=-7.8198876738e-001; 
w10(2,1)=-1.9236588848e-001; w1(2,1)=1.2554104522e-001; w1(2,2)=-5.7350073446e-002; w1(2,3)=-4.1640672642e-001; w1(2,4)=6.7229643843e-001; 
w10(3,1)=5.5886974935e-003; w1(3,1)=1.1012004940e+000; w1(3,2)=6.3823805111e-001; w1(3,3)=-1.5205535694e+000; w1(3,4)=1.6250231329e+000; 
w20=-1.0115161444e-001; w2(1)=1.6122766067e+000; w2(2)=1.7427654515e+000; w2(3)=-7.3187400130e-002; 

