
%liczba neuronów ukrytych: 2, liczba wejœæ sieci: 4
%wejœcie 1: u(k-3)
%wejœcie 2: u(k-4)
%wejœcie 3: y(k-1)
%wejœcie 4: y(k-2)
%uczenie w trybie OE
w10(1,1)=2.5041494689e-001; w1(1,1)=-5.4872434765e-003; w1(1,2)=3.8389602592e-002; w1(1,3)=4.1552373252e-001; w1(1,4)=7.1243387968e-002; 
w10(2,1)=4.9627923404e-001; w1(2,1)=-2.5135402040e+000; w1(2,2)=-5.4416173487e+000; w1(2,3)=1.2484212153e+001; w1(2,4)=-9.1235705725e+000; 
w20=-4.7458132604e-001; w2(1)=1.9909884499e+000; w2(2)=-3.3538329312e-002; 

