
%liczba neuronów ukrytych: 10, liczba wejœæ sieci: 4
%wejœcie 1: u(k-3)
%wejœcie 2: u(k-4)
%wejœcie 3: y(k-1)
%wejœcie 4: y(k-2)
%uczenie w trybie OE
w10(1,1)=1.4310916990e-002; w1(1,1)=-7.6478186817e-002; w1(1,2)=7.7187601142e-002; w1(1,3)=-4.6136520532e-002; w1(1,4)=4.0486624215e-003; 
w10(2,1)=-7.3787939149e-002; w1(2,1)=-1.3115868074e-001; w1(2,2)=8.0202871007e-002; w1(2,3)=7.1264747872e-002; w1(2,4)=1.7001878242e-001; 
w10(3,1)=-3.4626263206e-001; w1(3,1)=4.0619002527e-003; w1(3,2)=-1.1894391212e-001; w1(3,3)=-2.9243158724e-001; w1(3,4)=-4.5419912623e-001; 
w10(4,1)=-8.3588569959e-002; w1(4,1)=-7.5049211479e-002; w1(4,2)=9.8519645846e-002; w1(4,3)=1.5588733301e-001; w1(4,4)=1.3875226028e-001; 
w10(5,1)=2.6049902164e-002; w1(5,1)=7.2264135002e-002; w1(5,2)=-8.5048960571e-002; w1(5,3)=-1.3965501378e-001; w1(5,4)=-2.1855791556e-001; 
w10(6,1)=3.6997709240e-002; w1(6,1)=1.9186581168e-002; w1(6,2)=-2.0836811264e-002; w1(6,3)=-1.5694198623e-002; w1(6,4)=1.4822960841e-001; 
w10(7,1)=7.7839513231e-002; w1(7,1)=-7.5177639380e-002; w1(7,2)=9.1037216524e-002; w1(7,3)=3.8496259022e-002; w1(7,4)=-8.6265516447e-002; 
w10(8,1)=3.7059981681e-002; w1(8,1)=1.2355935874e-002; w1(8,2)=2.5214487156e-003; w1(8,3)=-4.4608688142e-003; w1(8,4)=6.6983250886e-002; 
w10(9,1)=-1.9747985319e-001; w1(9,1)=-4.1859518012e-002; w1(9,2)=-1.2860669326e-001; w1(9,3)=-2.0585497850e-001; w1(9,4)=-3.5931730504e-001; 
w10(10,1)=4.5993342244e-002; w1(10,1)=-5.8516929960e-002; w1(10,2)=-1.0888426782e-001; w1(10,3)=-8.1010330878e-002; w1(10,4)=-7.1028829305e-002; 
w20=-2.4359207650e-001; w2(1)=-8.9631223282e-004; w2(2)=2.0014461814e-001; w2(3)=-6.2573368066e-001; w2(4)=2.0751738168e-001; w2(5)=-2.8161652927e-001; w2(6)=1.0969416738e-001; w2(7)=-2.8042077407e-002; w2(8)=4.9588061749e-002; w2(9)=-4.4128166769e-001; w2(10)=-1.1630497849e-001; 

