
%liczba neuronów ukrytych: 2, liczba wejœæ sieci: 4
%wejœcie 1: u(k-3)
%wejœcie 2: u(k-4)
%wejœcie 3: y(k-1)
%wejœcie 4: y(k-2)
%uczenie w trybie OE
w10(1,1)=2.4540800870e-001; w1(1,1)=-8.2579823791e-003; w1(1,2)=-2.1123885010e-002; w1(1,3)=5.0937955200e-001; w1(1,4)=6.6365614039e-002; 
w10(2,1)=3.3842761144e-001; w1(2,1)=-5.1295898973e-001; w1(2,2)=6.4807320651e+000; w1(2,3)=1.4401614724e+001; w1(2,4)=-1.1844926682e+001; 
w20=-3.9254595498e-001; w2(1)=1.6937307030e+000; w2(2)=-4.5817863615e-002; 

