
%liczba neuronów ukrytych: 10, liczba wejœæ sieci: 4
%wejœcie 1: u(k-3)
%wejœcie 2: u(k-4)
%wejœcie 3: y(k-1)
%wejœcie 4: y(k-2)
%uczenie w trybie ARX
w10(1,1)=-3.4410421175e-001; w1(1,1)=1.0457559809e-001; w1(1,2)=-2.0786433663e-002; w1(1,3)=4.6430084998e-001; w1(1,4)=-5.2355540222e-002; 
w10(2,1)=7.7691549612e-001; w1(2,1)=2.3158765253e-001; w1(2,2)=1.0469866760e-001; w1(2,3)=-6.7866120657e-001; w1(2,4)=2.1099658169e-001; 
w10(3,1)=-5.3639005908e-002; w1(3,1)=-4.3535544807e-001; w1(3,2)=-1.0753949267e-001; w1(3,3)=1.3807881877e-001; w1(3,4)=-5.5457335077e-001; 
w10(4,1)=-6.2924066712e-004; w1(4,1)=-2.6688203946e-002; w1(4,2)=-6.2040688527e-002; w1(4,3)=-2.0778140955e-001; w1(4,4)=-4.5324876647e-002; 
w10(5,1)=3.9037630467e-002; w1(5,1)=2.1796640999e-002; w1(5,2)=9.5369171353e-002; w1(5,3)=1.8231878309e-001; w1(5,4)=6.9473439903e-002; 
w10(6,1)=-1.5699154105e-001; w1(6,1)=-5.8921775637e-001; w1(6,2)=-1.9225074575e-001; w1(6,3)=-7.4526196519e-001; w1(6,4)=4.4439285629e-001; 
w10(7,1)=-8.0087759235e-001; w1(7,1)=9.5762818813e-002; w1(7,2)=4.8498137811e-002; w1(7,3)=-4.1312402209e-001; w1(7,4)=-3.4719558011e-002; 
w10(8,1)=-1.6588052470e-001; w1(8,1)=-7.4465274102e-002; w1(8,2)=9.4699559363e-002; w1(8,3)=2.6420689286e-001; w1(8,4)=4.1554207625e-001; 
w10(9,1)=6.9325468909e-002; w1(9,1)=9.2729069573e-002; w1(9,2)=-1.0792381312e-001; w1(9,3)=9.8267179364e-002; w1(9,4)=7.5367110391e-002; 
w10(10,1)=-7.5804181067e-002; w1(10,1)=-2.5664426279e-002; w1(10,2)=-1.6991631294e-001; w1(10,3)=-4.0718190916e-001; w1(10,4)=7.7098328353e-002; 
w20=1.8475740579e-002; w2(1)=5.7115732144e-001; w2(2)=-6.9614134771e-001; w2(3)=5.3704660099e-001; w2(4)=-5.1353999497e-001; w2(5)=6.4793481424e-001; w2(6)=-4.0875832554e-001; w2(7)=-7.0159131554e-001; w2(8)=-9.7383056212e-002; w2(9)=6.9267284294e-001; w2(10)=-4.3659076355e-001; 

