
%liczba neuronów ukrytych: 6, liczba wejœæ sieci: 4
%wejœcie 1: u(k-3)
%wejœcie 2: u(k-4)
%wejœcie 3: y(k-1)
%wejœcie 4: y(k-2)
%uczenie w trybie OE
w10(1,1)=1.8596394854e-001; w1(1,1)=7.9012984731e-001; w1(1,2)=-1.2137455195e+000; w1(1,3)=-3.5394539646e-003; w1(1,4)=-6.5272091311e-001; 
w10(2,1)=-1.4198690452e+000; w1(2,1)=-3.0074060636e-001; w1(2,2)=4.0223981642e-001; w1(2,3)=-1.1322335209e+000; w1(2,4)=1.2820920920e-002; 
w10(3,1)=7.7793589763e-003; w1(3,1)=-9.7599155428e-001; w1(3,2)=-8.1271013635e-001; w1(3,3)=-2.4911202491e-001; w1(3,4)=1.1798300667e-001; 
w10(4,1)=-1.3828344760e+000; w1(4,1)=8.9572846630e-001; w1(4,2)=-1.0527656562e+000; w1(4,3)=8.2122762324e-002; w1(4,4)=2.0793304298e+000; 
w10(5,1)=-1.7385885557e-001; w1(5,1)=2.1491587645e-001; w1(5,2)=-1.5578624187e+000; w1(5,3)=-4.6671275069e-001; w1(5,4)=1.1426099310e+000; 
w10(6,1)=1.8039185363e-002; w1(6,1)=-3.0551478803e-001; w1(6,2)=4.7266860641e-001; w1(6,3)=-1.6330806749e+000; w1(6,4)=6.8180472025e-001; 
w20=-3.2520062645e-001; w2(1)=-2.5510790704e-001; w2(2)=-5.2123659598e-001; w2(3)=1.0331722273e-001; w2(4)=1.0845638387e-001; w2(5)=-9.4936017175e-002; w2(6)=-7.2149895707e-001; 

